UNITS=MM
#Layer_Color=32768
#
#Feature symbol names
#
$0 r49.9999

#
#Feature attribute names
#

#
#Layer features
#
A 20.87497984 24.57499784 20.87497984 24.57499784 20.1749787 24.57499784 0 P 0 N
A 20.87497984 45.07499748 20.87497984 45.07499748 20.1749787 45.07499748 0 P 0 N
A 20.87497984 65.57499966 20.87497984 65.57499966 20.1749787 65.57499966 0 P 0 N
A 20.87497984 86.0749993 20.87497984 86.0749993 20.1749787 86.0749993 0 P 0 N
A 27.24999884 24.57499784 27.24999884 24.57499784 26.5499977 24.57499784 0 P 0 N
A 27.24999884 45.07499748 27.24999884 45.07499748 26.5499977 45.07499748 0 P 0 N
A 27.24999884 65.57499966 27.24999884 65.57499966 26.5499977 65.57499966 0 P 0 N
A 27.24999884 86.0749993 27.24999884 86.0749993 26.5499977 86.0749993 0 P 0 N
A 32.67500196 22.5749993 32.67500196 22.5749993 31.97500082 22.5749993 0 P 0 N
A 32.67500196 43.07499894 32.67500196 43.07499894 31.97500082 43.07499894 0 P 0 N
A 32.67500196 63.57500112 32.67500196 63.57500112 31.97500082 63.57500112 0 P 0 N
A 32.67500196 84.07500076 32.67500196 84.07500076 31.97500082 84.07500076 0 P 0 N
A 46.1750029 26.27499698 46.1750029 26.27499698 45.47500176 26.27499698 0 P 0 N
A 46.1750029 46.77499662 46.1750029 46.77499662 45.47500176 46.77499662 0 P 0 N
A 46.1750029 67.2749988 46.1750029 67.2749988 45.47500176 67.2749988 0 P 0 N
A 46.1750029 87.77499844 46.1750029 87.77499844 45.47500176 87.77499844 0 P 0 N
A 46.20000158 29.32500104 46.20000158 29.32500104 45.50000044 29.32500104 0 P 0 N
A 46.20000158 49.84999936 46.20000158 49.84999936 45.50000044 49.84999936 0 P 0 N
A 46.20000158 70.32500032 46.20000158 70.32500032 45.50000044 70.32500032 0 P 0 N
A 46.20000158 90.82499996 46.20000158 90.82499996 45.50000044 90.82499996 0 P 0 N
A 46.60000078 84.90000038 46.60000078 84.90000038 45.89999964 84.90000038 0 P 0 N
A 47.60000132 80.80000096 47.60000132 80.80000096 46.90000018 80.80000096 0 P 0 N
A 50.300001 78.30000088 50.300001 78.30000088 49.59999986 78.30000088 0 P 0 N
A 59.52499906 69.47500202 59.52499906 69.47500202 58.82499792 69.47500202 0 P 0 N
A 60.67500184 24.27500098 60.67500184 24.27500098 59.9750007 24.27500098 0 P 0 N
A 62.67500038 69.47499948 62.67500038 69.47499948 61.97499924 69.47499948 0 P 0 N
A 63.17500192 75.12500088 63.17500192 75.12500088 62.47500078 75.12500088 0 P 0 N
A 65.22500036 86.79999912 65.22500036 86.79999912 64.52499922 86.79999912 0 P 0 N
A 65.22500036 94.04999986 65.22500036 94.04999986 64.52499922 94.04999986 0 P 0 N
A 66.4750004 75.12500088 66.4750004 75.12500088 65.77499926 75.12500088 0 P 0 N
A 66.77500234 68.42499904 66.77500234 68.42499904 66.0750012 68.42499904 0 P 0 N
A 69.27499988 88.8000002 69.27499988 88.8000002 68.57499874 88.8000002 0 P 0 N
A 69.27499988 91.64999958 69.27499988 91.64999958 68.57499874 91.64999958 0 P 0 N
A 70.10000204 76.57500052 70.10000204 76.57500052 69.4000009 76.57500052 0 P 0 N
A 71.10000004 74.60000066 71.10000004 74.60000066 70.3999989 74.60000066 0 P 0 N
A 71.35000208 92.94999952 71.35000208 92.94999952 70.65000094 92.94999952 0 P 0 N
A 74.32499994 74.55000076 74.32499994 74.55000076 73.6249988 74.55000076 0 P 0 N
A 75.200002 76.85000124 75.200002 76.85000124 74.50000086 76.85000124 0 P 0 N
A 77.27500166 92.94999698 77.27500166 92.94999698 76.57500052 92.94999698 0 P 0 N
A 82.1000009 92.17500488 82.1000009 92.17500488 81.39999976 92.17500488 0 P 0 N
A 82.12500212 86.30000012 82.12500212 86.30000012 81.42500098 86.30000012 0 P 0 N
A 82.12500212 88.35000364 82.12500212 88.35000364 81.42500098 88.35000364 0 P 0 N
A 85.3250008 91.5250011 85.3250008 91.5250011 84.62499966 91.5250011 0 P 0 N
A 85.3250008 93.97499874 85.3250008 93.97499874 84.62499966 93.97499874 0 P 0 N
A 86.25000022 38.0000002 86.25000022 38.0000002 85.54999908 38.0000002 0 P 0 N
A 87.6500025 86.30000012 87.6500025 86.30000012 86.95000136 86.30000012 0 P 0 N
A 92.87500094 81.74999906 92.87500094 81.74999906 92.1749998 81.74999906 0 P 0 N
A 94.92500192 31.52499918 94.92500192 31.52499918 94.22500078 31.52499918 0 P 0 N
A 96.70000218 24.2000024 96.70000218 24.2000024 96.00000104 24.2000024 0 P 0 N
A 96.70000218 26.10000368 96.70000218 26.10000368 96.00000104 26.10000368 0 P 0 N
A 98.90000032 88.5500007 98.90000032 88.5500007 98.19999918 88.5500007 0 P 0 N
A 102.47499952 36.52499934 102.47499952 36.52499934 101.77499838 36.52499934 0 P 0 N
L 8.29999864 94.1249959 8.29999864 95.07499654 0 P 0
L 8.29999864 94.1249959 10.14999748 94.1249959 0 P 0
L 8.29999864 95.07499654 10.14999748 95.07499654 0 P 0
L 8.94999988 89.4250053 8.94999988 90.37500594 0 P 0
L 8.94999988 89.4250053 10.79999872 89.4250053 0 P 0
L 8.94999988 90.37500594 10.79999872 90.37500594 0 P 0
L 8.97499602 90.44999944 8.97499602 94.04999986 0 P 0
L 8.97499602 90.44999944 11.67499824 90.44999944 0 P 0
L 8.97499602 94.04999986 11.67499824 94.04999986 0 P 0
L 10.14999748 94.1249959 10.14999748 95.07499654 0 P 0
L 10.79999872 89.4250053 10.79999872 90.37500594 0 P 0
L 11.67499824 90.44999944 11.67499824 94.04999986 0 P 0
L 11.77499804 91.99999888 11.77499804 93.89999762 0 P 0
L 11.77499804 91.99999888 12.77499858 91.99999888 0 P 0
L 11.77499804 93.89999762 12.77499858 93.89999762 0 P 0
L 12.77499858 91.99999888 12.77499858 93.89999762 0 P 0
L 17.49998786 27.42499468 17.49998786 29.12499636 0 P 0
L 17.49998786 27.42499468 20.74998898 27.42499468 0 P 0
L 17.49998786 29.12499636 20.74998898 29.12499636 0 P 0
L 17.49998786 47.92499432 17.49998786 49.624996 0 P 0
L 17.49998786 47.92499432 20.74998898 47.92499432 0 P 0
L 17.49998786 49.624996 20.74998898 49.624996 0 P 0
L 17.49998786 68.4249965 17.49998786 70.12499818 0 P 0
L 17.49998786 68.4249965 20.74998898 68.4249965 0 P 0
L 17.49998786 70.12499818 20.74998898 70.12499818 0 P 0
L 17.49998786 88.92499614 17.49998786 90.62499782 0 P 0
L 17.49998786 88.92499614 20.74998898 88.92499614 0 P 0
L 17.49998786 90.62499782 20.74998898 90.62499782 0 P 0
L 20.74998898 27.42499468 20.74998898 29.12499636 0 P 0
L 20.74998898 47.92499432 20.74998898 49.624996 0 P 0
L 20.74998898 68.4249965 20.74998898 70.12499818 0 P 0
L 20.74998898 88.92499614 20.74998898 90.62499782 0 P 0
L 20.7999838 25.92500022 20.7999838 28.7249997 0 P 0
L 20.7999838 25.92500022 23.19998408 25.92500022 0 P 0
L 20.7999838 28.7249997 23.19998408 28.7249997 0 P 0
L 20.7999838 46.42499986 20.7999838 49.22499934 0 P 0
L 20.7999838 46.42499986 23.19998408 46.42499986 0 P 0
L 20.7999838 49.22499934 23.19998408 49.22499934 0 P 0
L 20.7999838 66.92500204 20.7999838 69.72500152 0 P 0
L 20.7999838 66.92500204 23.19998408 66.92500204 0 P 0
L 20.7999838 69.72500152 23.19998408 69.72500152 0 P 0
L 20.7999838 87.42500168 20.7999838 90.22500116 0 P 0
L 20.7999838 87.42500168 23.19998408 87.42500168 0 P 0
L 20.7999838 90.22500116 23.19998408 90.22500116 0 P 0
L 21.02498208 24.07499884 21.02498208 25.92499768 0 P 0
L 21.02498208 24.07499884 21.97498272 24.07499884 0 P 0
L 21.02498208 25.92499768 21.97498272 25.92499768 0 P 0
L 21.02498208 44.57499848 21.02498208 46.42499732 0 P 0
L 21.02498208 44.57499848 21.97498272 44.57499848 0 P 0
L 21.02498208 46.42499732 21.97498272 46.42499732 0 P 0
L 21.02498208 65.07500066 21.02498208 66.9249995 0 P 0
L 21.02498208 65.07500066 21.97498272 65.07500066 0 P 0
L 21.02498208 66.9249995 21.97498272 66.9249995 0 P 0
L 21.02498208 85.5750003 21.02498208 87.42499914 0 P 0
L 21.02498208 85.5750003 21.97498272 85.5750003 0 P 0
L 21.02498208 87.42499914 21.97498272 87.42499914 0 P 0
L 21.92498282 24.07499884 21.92498282 25.92499768 0 P 0
L 21.92498282 24.07499884 22.87498346 24.07499884 0 P 0
L 21.92498282 25.92499768 22.87498346 25.92499768 0 P 0
L 21.92498282 44.57499848 21.92498282 46.42499732 0 P 0
L 21.92498282 44.57499848 22.87498346 44.57499848 0 P 0
L 21.92498282 46.42499732 22.87498346 46.42499732 0 P 0
L 21.92498282 65.07500066 21.92498282 66.9249995 0 P 0
L 21.92498282 65.07500066 22.87498346 65.07500066 0 P 0
L 21.92498282 66.9249995 22.87498346 66.9249995 0 P 0
L 21.92498282 85.5750003 21.92498282 87.42499914 0 P 0
L 21.92498282 85.5750003 22.87498346 85.5750003 0 P 0
L 21.92498282 87.42499914 22.87498346 87.42499914 0 P 0
L 21.97498272 24.07499884 21.97498272 25.92499768 0 P 0
L 21.97498272 44.57499848 21.97498272 46.42499732 0 P 0
L 21.97498272 65.07500066 21.97498272 66.9249995 0 P 0
L 21.97498272 85.5750003 21.97498272 87.42499914 0 P 0
L 22.87498346 24.07499884 22.87498346 25.92499768 0 P 0
L 22.87498346 44.57499848 22.87498346 46.42499732 0 P 0
L 22.87498346 65.07500066 22.87498346 66.9249995 0 P 0
L 22.87498346 85.5750003 22.87498346 87.42499914 0 P 0
L 23.19998408 25.92500022 23.19998408 28.7249997 0 P 0
L 23.19998408 46.42499986 23.19998408 49.22499934 0 P 0
L 23.19998408 66.92500204 23.19998408 69.72500152 0 P 0
L 23.19998408 87.42500168 23.19998408 90.22500116 0 P 0
L 23.87500686 27.42499468 23.87500686 29.12499636 0 P 0
L 23.87500686 27.42499468 27.12500798 27.42499468 0 P 0
L 23.87500686 29.12499636 27.12500798 29.12499636 0 P 0
L 23.87500686 47.92499432 23.87500686 49.624996 0 P 0
L 23.87500686 47.92499432 27.12500798 47.92499432 0 P 0
L 23.87500686 49.624996 27.12500798 49.624996 0 P 0
L 23.87500686 68.4249965 23.87500686 70.12499818 0 P 0
L 23.87500686 68.4249965 27.12500798 68.4249965 0 P 0
L 23.87500686 70.12499818 27.12500798 70.12499818 0 P 0
L 23.87500686 88.92499614 23.87500686 90.62499782 0 P 0
L 23.87500686 88.92499614 27.12500798 88.92499614 0 P 0
L 23.87500686 90.62499782 27.12500798 90.62499782 0 P 0
L 27.12500798 27.42499468 27.12500798 29.12499636 0 P 0
L 27.12500798 47.92499432 27.12500798 49.624996 0 P 0
L 27.12500798 68.4249965 27.12500798 70.12499818 0 P 0
L 27.12500798 88.92499614 27.12500798 90.62499782 0 P 0
L 27.1750028 25.92500022 27.1750028 28.7249997 0 P 0
L 27.1750028 25.92500022 29.57500308 25.92500022 0 P 0
L 27.1750028 28.7249997 29.57500308 28.7249997 0 P 0
L 27.1750028 46.42499986 27.1750028 49.22499934 0 P 0
L 27.1750028 46.42499986 29.57500308 46.42499986 0 P 0
L 27.1750028 49.22499934 29.57500308 49.22499934 0 P 0
L 27.1750028 66.92500204 27.1750028 69.72500152 0 P 0
L 27.1750028 66.92500204 29.57500308 66.92500204 0 P 0
L 27.1750028 69.72500152 29.57500308 69.72500152 0 P 0
L 27.1750028 87.42500168 27.1750028 90.22500116 0 P 0
L 27.1750028 87.42500168 29.57500308 87.42500168 0 P 0
L 27.1750028 90.22500116 29.57500308 90.22500116 0 P 0
L 27.40000108 24.07499884 27.40000108 25.92499768 0 P 0
L 27.40000108 24.07499884 28.35000172 24.07499884 0 P 0
L 27.40000108 25.92499768 28.35000172 25.92499768 0 P 0
L 27.40000108 44.57499848 27.40000108 46.42499732 0 P 0
L 27.40000108 44.57499848 28.35000172 44.57499848 0 P 0
L 27.40000108 46.42499732 28.35000172 46.42499732 0 P 0
L 27.40000108 65.07500066 27.40000108 66.9249995 0 P 0
L 27.40000108 65.07500066 28.35000172 65.07500066 0 P 0
L 27.40000108 66.9249995 28.35000172 66.9249995 0 P 0
L 27.40000108 85.5750003 27.40000108 87.42499914 0 P 0
L 27.40000108 85.5750003 28.35000172 85.5750003 0 P 0
L 27.40000108 87.42499914 28.35000172 87.42499914 0 P 0
L 27.62499936 32.54999586 27.62499936 33.5499964 0 P 0
L 27.62499936 32.54999586 29.5249981 32.54999586 0 P 0
L 27.62499936 33.5499964 29.5249981 33.5499964 0 P 0
L 27.62499936 53.0499955 27.62499936 54.04999604 0 P 0
L 27.62499936 53.0499955 29.5249981 53.0499955 0 P 0
L 27.62499936 54.04999604 29.5249981 54.04999604 0 P 0
L 27.62499936 73.54999768 27.62499936 74.54999822 0 P 0
L 27.62499936 73.54999768 29.5249981 73.54999768 0 P 0
L 27.62499936 74.54999822 29.5249981 74.54999822 0 P 0
L 27.62499936 94.04999732 27.62499936 95.04999786 0 P 0
L 27.62499936 94.04999732 29.5249981 94.04999732 0 P 0
L 27.62499936 95.04999786 29.5249981 95.04999786 0 P 0
L 28.30000182 24.07499884 28.30000182 25.92499768 0 P 0
L 28.30000182 24.07499884 29.25000246 24.07499884 0 P 0
L 28.30000182 25.92499768 29.25000246 25.92499768 0 P 0
L 28.30000182 44.57499848 28.30000182 46.42499732 0 P 0
L 28.30000182 44.57499848 29.25000246 44.57499848 0 P 0
L 28.30000182 46.42499732 29.25000246 46.42499732 0 P 0
L 28.30000182 65.07500066 28.30000182 66.9249995 0 P 0
L 28.30000182 65.07500066 29.25000246 65.07500066 0 P 0
L 28.30000182 66.9249995 29.25000246 66.9249995 0 P 0
L 28.30000182 85.5750003 28.30000182 87.42499914 0 P 0
L 28.30000182 85.5750003 29.25000246 85.5750003 0 P 0
L 28.30000182 87.42499914 29.25000246 87.42499914 0 P 0
L 28.35000172 24.07499884 28.35000172 25.92499768 0 P 0
L 28.35000172 44.57499848 28.35000172 46.42499732 0 P 0
L 28.35000172 65.07500066 28.35000172 66.9249995 0 P 0
L 28.35000172 85.5750003 28.35000172 87.42499914 0 P 0
L 29.25000246 24.07499884 29.25000246 25.92499768 0 P 0
L 29.25000246 44.57499848 29.25000246 46.42499732 0 P 0
L 29.25000246 65.07500066 29.25000246 66.9249995 0 P 0
L 29.25000246 85.5750003 29.25000246 87.42499914 0 P 0
L 29.5249981 32.54999586 29.5249981 33.5499964 0 P 0
L 29.5249981 53.0499955 29.5249981 54.04999604 0 P 0
L 29.5249981 73.54999768 29.5249981 74.54999822 0 P 0
L 29.5249981 94.04999732 29.5249981 95.04999786 0 P 0
L 29.52500064 32.57499708 29.52500064 33.52499772 0 P 0
L 29.52500064 32.57499708 31.37499948 32.57499708 0 P 0
L 29.52500064 33.52499772 31.37499948 33.52499772 0 P 0
L 29.52500064 53.07499672 29.52500064 54.02499736 0 P 0
L 29.52500064 53.07499672 31.37499948 53.07499672 0 P 0
L 29.52500064 54.02499736 31.37499948 54.02499736 0 P 0
L 29.52500064 73.5749989 29.52500064 74.52499954 0 P 0
L 29.52500064 73.5749989 31.37499948 73.5749989 0 P 0
L 29.52500064 74.52499954 31.37499948 74.52499954 0 P 0
L 29.52500064 94.07499854 29.52500064 95.02499918 0 P 0
L 29.52500064 94.07499854 31.37499948 94.07499854 0 P 0
L 29.52500064 95.02499918 31.37499948 95.02499918 0 P 0
L 29.57500308 25.92500022 29.57500308 28.7249997 0 P 0
L 29.57500308 46.42499986 29.57500308 49.22499934 0 P 0
L 29.57500308 66.92500204 29.57500308 69.72500152 0 P 0
L 29.57500308 87.42500168 29.57500308 90.22500116 0 P 0
L 31.37499948 32.57499708 31.37499948 33.52499772 0 P 0
L 31.37499948 53.07499672 31.37499948 54.02499736 0 P 0
L 31.37499948 73.5749989 31.37499948 74.52499954 0 P 0
L 31.37499948 94.07499854 31.37499948 95.02499918 0 P 0
L 32.07500062 18.29999896 32.07500062 21.09999844 0 P 0
L 32.07500062 18.29999896 34.4750009 18.29999896 0 P 0
L 32.07500062 21.09999844 34.4750009 21.09999844 0 P 0
L 32.07500062 38.7999986 32.07500062 41.59999808 0 P 0
L 32.07500062 38.7999986 34.4750009 38.7999986 0 P 0
L 32.07500062 41.59999808 34.4750009 41.59999808 0 P 0
L 32.07500062 59.30000078 32.07500062 62.10000026 0 P 0
L 32.07500062 59.30000078 34.4750009 59.30000078 0 P 0
L 32.07500062 62.10000026 34.4750009 62.10000026 0 P 0
L 32.07500062 79.80000042 32.07500062 82.5999999 0 P 0
L 32.07500062 79.80000042 34.4750009 79.80000042 0 P 0
L 32.07500062 82.5999999 34.4750009 82.5999999 0 P 0
L 32.80000044 21.20000078 32.80000044 23.04999962 0 P 0
L 32.80000044 21.20000078 33.75000108 21.20000078 0 P 0
L 32.80000044 23.04999962 33.75000108 23.04999962 0 P 0
L 32.80000044 41.70000042 32.80000044 43.54999926 0 P 0
L 32.80000044 41.70000042 33.75000108 41.70000042 0 P 0
L 32.80000044 43.54999926 33.75000108 43.54999926 0 P 0
L 32.80000044 62.2000026 32.80000044 64.05000144 0 P 0
L 32.80000044 62.2000026 33.75000108 62.2000026 0 P 0
L 32.80000044 64.05000144 33.75000108 64.05000144 0 P 0
L 32.80000044 82.70000224 32.80000044 84.55000108 0 P 0
L 32.80000044 82.70000224 33.75000108 82.70000224 0 P 0
L 32.80000044 84.55000108 33.75000108 84.55000108 0 P 0
L 33.74999854 21.20000078 33.74999854 23.04999962 0 P 0
L 33.74999854 21.20000078 34.69999918 21.20000078 0 P 0
L 33.74999854 23.04999962 34.69999918 23.04999962 0 P 0
L 33.74999854 41.70000042 33.74999854 43.54999926 0 P 0
L 33.74999854 41.70000042 34.69999918 41.70000042 0 P 0
L 33.74999854 43.54999926 34.69999918 43.54999926 0 P 0
L 33.74999854 62.2000026 33.74999854 64.05000144 0 P 0
L 33.74999854 62.2000026 34.69999918 62.2000026 0 P 0
L 33.74999854 64.05000144 34.69999918 64.05000144 0 P 0
L 33.74999854 82.70000224 33.74999854 84.55000108 0 P 0
L 33.74999854 82.70000224 34.69999918 82.70000224 0 P 0
L 33.74999854 84.55000108 34.69999918 84.55000108 0 P 0
L 33.75000108 21.20000078 33.75000108 23.04999962 0 P 0
L 33.75000108 41.70000042 33.75000108 43.54999926 0 P 0
L 33.75000108 62.2000026 33.75000108 64.05000144 0 P 0
L 33.75000108 82.70000224 33.75000108 84.55000108 0 P 0
L 34.39999978 16.5749986 34.39999978 17.52499924 0 P 0
L 34.39999978 16.5749986 36.24999862 16.5749986 0 P 0
L 34.39999978 17.52499924 36.24999862 17.52499924 0 P 0
L 34.39999978 37.07499824 34.39999978 38.02499888 0 P 0
L 34.39999978 37.07499824 36.24999862 37.07499824 0 P 0
L 34.39999978 38.02499888 36.24999862 38.02499888 0 P 0
L 34.39999978 57.57500042 34.39999978 58.52500106 0 P 0
L 34.39999978 57.57500042 36.24999862 57.57500042 0 P 0
L 34.39999978 58.52500106 36.24999862 58.52500106 0 P 0
L 34.39999978 78.07500006 34.39999978 79.0250007 0 P 0
L 34.39999978 78.07500006 36.24999862 78.07500006 0 P 0
L 34.39999978 79.0250007 36.24999862 79.0250007 0 P 0
L 34.4750009 18.29999896 34.4750009 21.09999844 0 P 0
L 34.4750009 38.7999986 34.4750009 41.59999808 0 P 0
L 34.4750009 59.30000078 34.4750009 62.10000026 0 P 0
L 34.4750009 79.80000042 34.4750009 82.5999999 0 P 0
L 34.69999918 21.20000078 34.69999918 23.04999962 0 P 0
L 34.69999918 41.70000042 34.69999918 43.54999926 0 P 0
L 34.69999918 62.2000026 34.69999918 64.05000144 0 P 0
L 34.69999918 82.70000224 34.69999918 84.55000108 0 P 0
L 35.5749987 18.59999836 35.5749987 23.69999832 0 P 0
L 35.5749987 18.59999836 39.57500086 18.59999836 0 P 0
L 35.5749987 23.69999832 39.57500086 23.69999832 0 P 0
L 35.5749987 39.099998 35.5749987 44.19999796 0 P 0
L 35.5749987 39.099998 39.57500086 39.099998 0 P 0
L 35.5749987 44.19999796 39.57500086 44.19999796 0 P 0
L 35.5749987 59.60000018 35.5749987 64.70000014 0 P 0
L 35.5749987 59.60000018 39.57500086 59.60000018 0 P 0
L 35.5749987 64.70000014 39.57500086 64.70000014 0 P 0
L 35.5749987 80.09999982 35.5749987 85.19999978 0 P 0
L 35.5749987 80.09999982 39.57500086 80.09999982 0 P 0
L 35.5749987 85.19999978 39.57500086 85.19999978 0 P 0
L 36.24999862 16.5749986 36.24999862 17.52499924 0 P 0
L 36.24999862 37.07499824 36.24999862 38.02499888 0 P 0
L 36.24999862 57.57500042 36.24999862 58.52500106 0 P 0
L 36.24999862 78.07500006 36.24999862 79.0250007 0 P 0
L 36.35000604 26.37500948 36.35000604 27.37501002 0 P 0
L 36.35000604 26.37500948 38.25000478 26.37500948 0 P 0
L 36.35000604 27.37501002 38.25000478 27.37501002 0 P 0
L 36.35000604 46.87500912 36.35000604 47.87500966 0 P 0
L 36.35000604 46.87500912 38.25000478 46.87500912 0 P 0
L 36.35000604 47.87500966 38.25000478 47.87500966 0 P 0
L 36.35000604 67.3750113 36.35000604 68.37501184 0 P 0
L 36.35000604 67.3750113 38.25000478 67.3750113 0 P 0
L 36.35000604 68.37501184 38.25000478 68.37501184 0 P 0
L 36.35000604 87.87501094 36.35000604 88.87501148 0 P 0
L 36.35000604 87.87501094 38.25000478 87.87501094 0 P 0
L 36.35000604 88.87501148 38.25000478 88.87501148 0 P 0
L 37.27500292 27.4000087 37.27500292 29.25000754 0 P 0
L 37.27500292 27.4000087 38.22500356 27.4000087 0 P 0
L 37.27500292 29.25000754 38.22500356 29.25000754 0 P 0
L 37.27500292 47.90000834 37.27500292 49.75000718 0 P 0
L 37.27500292 47.90000834 38.22500356 47.90000834 0 P 0
L 37.27500292 49.75000718 38.22500356 49.75000718 0 P 0
L 37.27500292 68.40001052 37.27500292 70.25000936 0 P 0
L 37.27500292 68.40001052 38.22500356 68.40001052 0 P 0
L 37.27500292 70.25000936 38.22500356 70.25000936 0 P 0
L 37.27500292 88.90001016 37.27500292 90.750009 0 P 0
L 37.27500292 88.90001016 38.22500356 88.90001016 0 P 0
L 37.27500292 90.750009 38.22500356 90.750009 0 P 0
L 38.22500356 27.4000087 38.22500356 29.25000754 0 P 0
L 38.22500356 47.90000834 38.22500356 49.75000718 0 P 0
L 38.22500356 68.40001052 38.22500356 70.25000936 0 P 0
L 38.22500356 88.90001016 38.22500356 90.750009 0 P 0
L 38.25000478 26.37500948 38.25000478 27.37501002 0 P 0
L 38.25000478 46.87500912 38.25000478 47.87500966 0 P 0
L 38.25000478 67.3750113 38.25000478 68.37501184 0 P 0
L 38.25000478 87.87501094 38.25000478 88.87501148 0 P 0
L 38.70000134 17.57499914 38.70000134 18.52499978 0 P 0
L 38.70000134 17.57499914 40.55000018 17.57499914 0 P 0
L 38.70000134 18.52499978 40.55000018 18.52499978 0 P 0
L 38.70000134 38.07499878 38.70000134 39.02499942 0 P 0
L 38.70000134 38.07499878 40.55000018 38.07499878 0 P 0
L 38.70000134 39.02499942 40.55000018 39.02499942 0 P 0
L 38.70000134 58.57500096 38.70000134 59.5250016 0 P 0
L 38.70000134 58.57500096 40.55000018 58.57500096 0 P 0
L 38.70000134 59.5250016 40.55000018 59.5250016 0 P 0
L 38.70000134 79.0750006 38.70000134 80.02500124 0 P 0
L 38.70000134 79.0750006 40.55000018 79.0750006 0 P 0
L 38.70000134 80.02500124 40.55000018 80.02500124 0 P 0
L 39.22500156 28.87500702 39.22500156 30.77500576 0 P 0
L 39.22500156 28.87500702 40.2250021 28.87500702 0 P 0
L 39.22500156 30.77500576 40.2250021 30.77500576 0 P 0
L 39.22500156 49.37500666 39.22500156 51.2750054 0 P 0
L 39.22500156 49.37500666 40.2250021 49.37500666 0 P 0
L 39.22500156 51.2750054 40.2250021 51.2750054 0 P 0
L 39.22500156 69.87500884 39.22500156 71.77500758 0 P 0
L 39.22500156 69.87500884 40.2250021 69.87500884 0 P 0
L 39.22500156 71.77500758 40.2250021 71.77500758 0 P 0
L 39.22500156 90.37500848 39.22500156 92.27500722 0 P 0
L 39.22500156 90.37500848 40.2250021 90.37500848 0 P 0
L 39.22500156 92.27500722 40.2250021 92.27500722 0 P 0
L 39.57500086 18.59999836 39.57500086 23.69999832 0 P 0
L 39.57500086 39.099998 39.57500086 44.19999796 0 P 0
L 39.57500086 59.60000018 39.57500086 64.70000014 0 P 0
L 39.57500086 80.09999982 39.57500086 85.19999978 0 P 0
L 40.22499956 22.32499726 40.22499956 23.2749979 0 P 0
L 40.22499956 22.32499726 42.0749984 22.32499726 0 P 0
L 40.22499956 23.2749979 42.0749984 23.2749979 0 P 0
L 40.22499956 42.8249969 40.22499956 43.77499754 0 P 0
L 40.22499956 42.8249969 42.0749984 42.8249969 0 P 0
L 40.22499956 43.77499754 42.0749984 43.77499754 0 P 0
L 40.22499956 63.32499908 40.22499956 64.27499972 0 P 0
L 40.22499956 63.32499908 42.0749984 63.32499908 0 P 0
L 40.22499956 64.27499972 42.0749984 64.27499972 0 P 0
L 40.22499956 83.82499872 40.22499956 84.77499936 0 P 0
L 40.22499956 83.82499872 42.0749984 83.82499872 0 P 0
L 40.22499956 84.77499936 42.0749984 84.77499936 0 P 0
L 40.2250021 28.87500702 40.2250021 30.77500576 0 P 0
L 40.2250021 49.37500666 40.2250021 51.2750054 0 P 0
L 40.2250021 69.87500884 40.2250021 71.77500758 0 P 0
L 40.2250021 90.37500848 40.2250021 92.27500722 0 P 0
L 40.45000292 25.97500012 40.45000292 26.97500066 0 P 0
L 40.45000292 25.97500012 42.35000166 25.97500012 0 P 0
L 40.45000292 26.97500066 42.35000166 26.97500066 0 P 0
L 40.45000292 46.47499976 40.45000292 47.4750003 0 P 0
L 40.45000292 46.47499976 42.35000166 46.47499976 0 P 0
L 40.45000292 47.4750003 42.35000166 47.4750003 0 P 0
L 40.45000292 87.47500158 40.45000292 88.47500212 0 P 0
L 40.45000292 87.47500158 42.35000166 87.47500158 0 P 0
L 40.45000292 88.47500212 42.35000166 88.47500212 0 P 0
L 40.47499906 27.42499976 40.47499906 29.2749986 0 P 0
L 40.47499906 27.42499976 41.4249997 27.42499976 0 P 0
L 40.47499906 29.2749986 41.4249997 29.2749986 0 P 0
L 40.47499906 47.9249994 40.47499906 49.77499824 0 P 0
L 40.47499906 47.9249994 41.4249997 47.9249994 0 P 0
L 40.47499906 49.77499824 41.4249997 49.77499824 0 P 0
L 40.47499906 68.40000036 40.47499906 70.2499992 0 P 0
L 40.47499906 68.40000036 41.4249997 68.40000036 0 P 0
L 40.47499906 70.2499992 41.4249997 70.2499992 0 P 0
L 40.47499906 88.92500122 40.47499906 90.77500006 0 P 0
L 40.47499906 88.92500122 41.4249997 88.92500122 0 P 0
L 40.47499906 90.77500006 41.4249997 90.77500006 0 P 0
L 40.4750016 66.97500194 40.4750016 67.97500248 0 P 0
L 40.4750016 66.97500194 42.37500034 66.97500194 0 P 0
L 40.4750016 67.97500248 42.37500034 67.97500248 0 P 0
L 40.55000018 17.57499914 40.55000018 18.52499978 0 P 0
L 40.55000018 38.07499878 40.55000018 39.02499942 0 P 0
L 40.55000018 58.57500096 40.55000018 59.5250016 0 P 0
L 40.55000018 79.0750006 40.55000018 80.02500124 0 P 0
L 41.12499776 31.97500082 41.12499776 33.87499956 0 P 0
L 41.12499776 31.97500082 42.1249983 31.97500082 0 P 0
L 41.12499776 33.87499956 42.1249983 33.87499956 0 P 0
L 41.12499776 52.47500046 41.12499776 54.3749992 0 P 0
L 41.12499776 52.47500046 42.1249983 52.47500046 0 P 0
L 41.12499776 54.3749992 42.1249983 54.3749992 0 P 0
L 41.12499776 72.97500264 41.12499776 74.87500138 0 P 0
L 41.12499776 72.97500264 42.1249983 72.97500264 0 P 0
L 41.12499776 74.87500138 42.1249983 74.87500138 0 P 0
L 41.12499776 93.47500228 41.12499776 95.37500102 0 P 0
L 41.12499776 93.47500228 42.1249983 93.47500228 0 P 0
L 41.12499776 95.37500102 42.1249983 95.37500102 0 P 0
L 41.14999898 30.09999822 41.14999898 31.94999706 0 P 0
L 41.14999898 30.09999822 42.09999962 30.09999822 0 P 0
L 41.14999898 31.94999706 42.09999962 31.94999706 0 P 0
L 41.14999898 50.59999786 41.14999898 52.4499967 0 P 0
L 41.14999898 50.59999786 42.09999962 50.59999786 0 P 0
L 41.14999898 52.4499967 42.09999962 52.4499967 0 P 0
L 41.14999898 71.10000004 41.14999898 72.94999888 0 P 0
L 41.14999898 71.10000004 42.09999962 71.10000004 0 P 0
L 41.14999898 72.94999888 42.09999962 72.94999888 0 P 0
L 41.14999898 91.59999968 41.14999898 93.44999852 0 P 0
L 41.14999898 91.59999968 42.09999962 91.59999968 0 P 0
L 41.14999898 93.44999852 42.09999962 93.44999852 0 P 0
L 41.4249997 27.42499976 41.4249997 29.2749986 0 P 0
L 41.4249997 47.9249994 41.4249997 49.77499824 0 P 0
L 41.4249997 68.40000036 41.4249997 70.2499992 0 P 0
L 41.4249997 88.92500122 41.4249997 90.77500006 0 P 0
L 42.0749984 22.29999604 42.0749984 23.29999658 0 P 0
L 42.0749984 22.29999604 43.97499714 22.29999604 0 P 0
L 42.0749984 22.32499726 42.0749984 23.2749979 0 P 0
L 42.0749984 23.29999658 43.97499714 23.29999658 0 P 0
L 42.0749984 42.79999568 42.0749984 43.79999622 0 P 0
L 42.0749984 42.79999568 43.97499714 42.79999568 0 P 0
L 42.0749984 42.8249969 42.0749984 43.77499754 0 P 0
L 42.0749984 43.79999622 43.97499714 43.79999622 0 P 0
L 42.0749984 63.29999786 42.0749984 64.2999984 0 P 0
L 42.0749984 63.29999786 43.97499714 63.29999786 0 P 0
L 42.0749984 63.32499908 42.0749984 64.27499972 0 P 0
L 42.0749984 64.2999984 43.97499714 64.2999984 0 P 0
L 42.0749984 83.7999975 42.0749984 84.79999804 0 P 0
L 42.0749984 83.7999975 43.97499714 83.7999975 0 P 0
L 42.0749984 83.82499872 42.0749984 84.77499936 0 P 0
L 42.0749984 84.79999804 43.97499714 84.79999804 0 P 0
L 42.09999962 30.09999822 42.09999962 31.94999706 0 P 0
L 42.09999962 50.59999786 42.09999962 52.4499967 0 P 0
L 42.09999962 71.10000004 42.09999962 72.94999888 0 P 0
L 42.09999962 91.59999968 42.09999962 93.44999852 0 P 0
L 42.1249983 31.97500082 42.1249983 33.87499956 0 P 0
L 42.1249983 52.47500046 42.1249983 54.3749992 0 P 0
L 42.1249983 72.97500264 42.1249983 74.87500138 0 P 0
L 42.1249983 93.47500228 42.1249983 95.37500102 0 P 0
L 42.35000166 25.97500012 42.35000166 26.97500066 0 P 0
L 42.35000166 46.47499976 42.35000166 47.4750003 0 P 0
L 42.35000166 87.47500158 42.35000166 88.47500212 0 P 0
L 42.37500034 66.97500194 42.37500034 67.97500248 0 P 0
L 42.52500004 25.44999736 42.52500004 27.3499961 0 P 0
L 42.52500004 25.44999736 43.52500058 25.44999736 0 P 0
L 42.52500004 27.3499961 43.52500058 27.3499961 0 P 0
L 42.52500004 45.949997 42.52500004 47.84999574 0 P 0
L 42.52500004 45.949997 43.52500058 45.949997 0 P 0
L 42.52500004 47.84999574 43.52500058 47.84999574 0 P 0
L 42.52500004 66.44999918 42.52500004 68.34999792 0 P 0
L 42.52500004 66.44999918 43.52500058 66.44999918 0 P 0
L 42.52500004 68.34999792 43.52500058 68.34999792 0 P 0
L 42.52500004 86.94999882 42.52500004 88.84999756 0 P 0
L 42.52500004 86.94999882 43.52500058 86.94999882 0 P 0
L 42.52500004 88.84999756 43.52500058 88.84999756 0 P 0
L 42.57499994 27.34999864 42.57499994 29.19999748 0 P 0
L 42.57499994 27.34999864 43.52500058 27.34999864 0 P 0
L 42.57499994 29.19999748 43.52500058 29.19999748 0 P 0
L 42.57499994 47.84999828 42.57499994 49.69999712 0 P 0
L 42.57499994 47.84999828 43.52500058 47.84999828 0 P 0
L 42.57499994 49.69999712 43.52500058 49.69999712 0 P 0
L 42.57499994 68.35000046 42.57499994 70.1999993 0 P 0
L 42.57499994 68.35000046 43.52500058 68.35000046 0 P 0
L 42.57499994 70.1999993 43.52500058 70.1999993 0 P 0
L 42.57499994 88.8500001 42.57499994 90.69999894 0 P 0
L 42.57499994 88.8500001 43.52500058 88.8500001 0 P 0
L 42.57499994 90.69999894 43.52500058 90.69999894 0 P 0
L 42.59999862 29.20000256 42.59999862 31.0500014 0 P 0
L 42.59999862 29.20000256 43.54999926 29.20000256 0 P 0
L 42.59999862 31.0500014 43.54999926 31.0500014 0 P 0
L 42.59999862 49.7000022 42.59999862 51.55000104 0 P 0
L 42.59999862 49.7000022 43.54999926 49.7000022 0 P 0
L 42.59999862 51.55000104 43.54999926 51.55000104 0 P 0
L 42.59999862 70.20000438 42.59999862 72.05000322 0 P 0
L 42.59999862 70.20000438 43.54999926 70.20000438 0 P 0
L 42.59999862 72.05000322 43.54999926 72.05000322 0 P 0
L 42.59999862 90.70000402 42.59999862 92.55000286 0 P 0
L 42.59999862 90.70000402 43.54999926 90.70000402 0 P 0
L 42.59999862 92.55000286 43.54999926 92.55000286 0 P 0
L 43.52500058 25.44999736 43.52500058 27.3499961 0 P 0
L 43.52500058 27.29999874 43.52500058 29.19999748 0 P 0
L 43.52500058 27.29999874 44.52500112 27.29999874 0 P 0
L 43.52500058 27.34999864 43.52500058 29.19999748 0 P 0
L 43.52500058 29.19999748 44.52500112 29.19999748 0 P 0
L 43.52500058 45.949997 43.52500058 47.84999574 0 P 0
L 43.52500058 47.79999838 43.52500058 49.69999712 0 P 0
L 43.52500058 47.79999838 44.52500112 47.79999838 0 P 0
L 43.52500058 47.84999828 43.52500058 49.69999712 0 P 0
L 43.52500058 49.69999712 44.52500112 49.69999712 0 P 0
L 43.52500058 66.44999918 43.52500058 68.34999792 0 P 0
L 43.52500058 68.30000056 43.52500058 70.1999993 0 P 0
L 43.52500058 68.30000056 44.52500112 68.30000056 0 P 0
L 43.52500058 68.35000046 43.52500058 70.1999993 0 P 0
L 43.52500058 70.1999993 44.52500112 70.1999993 0 P 0
L 43.52500058 86.94999882 43.52500058 88.84999756 0 P 0
L 43.52500058 88.8000002 43.52500058 90.69999894 0 P 0
L 43.52500058 88.8000002 44.52500112 88.8000002 0 P 0
L 43.52500058 88.8500001 43.52500058 90.69999894 0 P 0
L 43.52500058 90.69999894 44.52500112 90.69999894 0 P 0
L 43.54999926 29.20000256 43.54999926 31.0500014 0 P 0
L 43.54999926 29.20000256 43.54999926 31.0500014 0 P 0
L 43.54999926 29.20000256 44.4999999 29.20000256 0 P 0
L 43.54999926 31.0500014 44.4999999 31.0500014 0 P 0
L 43.54999926 49.7000022 43.54999926 51.55000104 0 P 0
L 43.54999926 49.7000022 43.54999926 51.55000104 0 P 0
L 43.54999926 49.7000022 44.4999999 49.7000022 0 P 0
L 43.54999926 51.55000104 44.4999999 51.55000104 0 P 0
L 43.54999926 70.20000438 43.54999926 72.05000322 0 P 0
L 43.54999926 70.20000438 43.54999926 72.05000322 0 P 0
L 43.54999926 70.20000438 44.4999999 70.20000438 0 P 0
L 43.54999926 72.05000322 44.4999999 72.05000322 0 P 0
L 43.54999926 90.70000402 43.54999926 92.55000286 0 P 0
L 43.54999926 90.70000402 43.54999926 92.55000286 0 P 0
L 43.54999926 90.70000402 44.4999999 90.70000402 0 P 0
L 43.54999926 92.55000286 44.4999999 92.55000286 0 P 0
L 43.97499714 22.29999604 43.97499714 23.29999658 0 P 0
L 43.97499714 42.79999568 43.97499714 43.79999622 0 P 0
L 43.97499714 63.29999786 43.97499714 64.2999984 0 P 0
L 43.97499714 83.7999975 43.97499714 84.79999804 0 P 0
L 44.4999999 29.20000256 44.4999999 31.0500014 0 P 0
L 44.4999999 49.7000022 44.4999999 51.55000104 0 P 0
L 44.4999999 70.20000438 44.4999999 72.05000322 0 P 0
L 44.4999999 90.70000402 44.4999999 92.55000286 0 P 0
L 44.52500112 27.29999874 44.52500112 29.19999748 0 P 0
L 44.52500112 47.79999838 44.52500112 49.69999712 0 P 0
L 44.52500112 68.30000056 44.52500112 70.1999993 0 P 0
L 44.52500112 88.8000002 44.52500112 90.69999894 0 P 0
L 47.02499866 11.52500108 47.02499866 15.12499896 0 P 0
L 47.02499866 11.52500108 48.62500054 11.52500108 0 P 0
L 47.02499866 15.12499896 48.62500054 15.12499896 0 P 0
L 48.62500054 11.52500108 48.62500054 15.12499896 0 P 0
L 49.1805722 28.96627938 49.1805722 31.86627866 0 P 0
L 49.1805722 28.96627938 52.08057148 28.96627938 0 P 0
L 49.1805722 31.86627866 52.08057148 31.86627866 0 P 0
L 49.1805722 49.46627902 49.1805722 52.3662783 0 P 0
L 49.1805722 49.46627902 52.08057148 49.46627902 0 P 0
L 49.1805722 52.3662783 52.08057148 52.3662783 0 P 0
L 49.1805722 69.9662812 49.1805722 72.86628048 0 P 0
L 49.1805722 69.9662812 52.08057148 69.9662812 0 P 0
L 49.1805722 72.86628048 52.08057148 72.86628048 0 P 0
L 49.1805722 90.46628084 49.1805722 93.36628012 0 P 0
L 49.1805722 90.46628084 52.08057148 90.46628084 0 P 0
L 49.1805722 93.36628012 52.08057148 93.36628012 0 P 0
L 49.19999812 25.9999988 49.19999812 28.89999808 0 P 0
L 49.19999812 25.9999988 52.0999974 25.9999988 0 P 0
L 49.19999812 28.89999808 52.0999974 28.89999808 0 P 0
L 49.19999812 46.49999844 49.19999812 49.39999772 0 P 0
L 49.19999812 46.49999844 52.0999974 46.49999844 0 P 0
L 49.19999812 49.39999772 52.0999974 49.39999772 0 P 0
L 49.19999812 67.00000062 49.19999812 69.8999999 0 P 0
L 49.19999812 67.00000062 52.0999974 67.00000062 0 P 0
L 49.19999812 69.8999999 52.0999974 69.8999999 0 P 0
L 49.19999812 87.50000026 49.19999812 90.39999954 0 P 0
L 49.19999812 87.50000026 52.0999974 87.50000026 0 P 0
L 49.19999812 90.39999954 52.0999974 90.39999954 0 P 0
L 49.22500188 12.6000002 49.22500188 14.09999974 0 P 0
L 49.22500188 12.6000002 52.2250035 12.6000002 0 P 0
L 49.22500188 14.09999974 52.2250035 14.09999974 0 P 0
L 52.08057148 28.96627938 52.08057148 31.86627866 0 P 0
L 52.08057148 49.46627902 52.08057148 52.3662783 0 P 0
L 52.08057148 69.9662812 52.08057148 72.86628048 0 P 0
L 52.08057148 90.46628084 52.08057148 93.36628012 0 P 0
L 52.0999974 25.9999988 52.0999974 28.89999808 0 P 0
L 52.0999974 46.49999844 52.0999974 49.39999772 0 P 0
L 52.0999974 67.00000062 52.0999974 69.8999999 0 P 0
L 52.0999974 87.50000026 52.0999974 90.39999954 0 P 0
L 52.2250035 12.6000002 52.2250035 14.09999974 0 P 0
L 52.87499966 11.5500023 52.87499966 15.15000018 0 P 0
L 52.87499966 11.5500023 54.47500154 11.5500023 0 P 0
L 52.87499966 15.15000018 54.47500154 15.15000018 0 P 0
L 54.47500154 11.5500023 54.47500154 15.15000018 0 P 0
L 56.82499938 31.07500008 56.82499938 32.92499892 0 P 0
L 56.82499938 31.07500008 57.77500002 31.07500008 0 P 0
L 56.82499938 32.92499892 57.77500002 32.92499892 0 P 0
L 57.77500002 31.07500008 57.77500002 32.92499892 0 P 0
L 61.14999962 15.02499916 61.14999962 15.9749998 0 P 0
L 61.14999962 15.02499916 62.99999846 15.02499916 0 P 0
L 61.14999962 15.9749998 62.99999846 15.9749998 0 P 0
L 61.14999962 22.89999992 61.14999962 24.74999876 0 P 0
L 61.14999962 22.89999992 62.10000026 22.89999992 0 P 0
L 61.14999962 24.74999876 62.10000026 24.74999876 0 P 0
L 62.10000026 22.89999992 62.10000026 24.74999876 0 P 0
L 62.74999896 87.72500108 62.74999896 89.57499992 0 P 0
L 62.74999896 87.72500108 63.6999996 87.72500108 0 P 0
L 62.74999896 89.57499992 63.6999996 89.57499992 0 P 0
L 62.7500015 91.3750014 62.7500015 93.22500024 0 P 0
L 62.7500015 91.3750014 63.70000214 91.3750014 0 P 0
L 62.7500015 93.22500024 63.70000214 93.22500024 0 P 0
L 62.99999846 15.02499916 62.99999846 15.9749998 0 P 0
L 63.6999996 87.72500108 63.6999996 89.57499992 0 P 0
L 63.70000214 91.3750014 63.70000214 93.22500024 0 P 0
L 63.77500326 87.89999946 63.77500326 90.29999974 0 P 0
L 63.77500326 87.89999946 66.57500274 87.89999946 0 P 0
L 63.77500326 90.29999974 66.57500274 90.29999974 0 P 0
L 63.77500326 90.65000412 63.77500326 93.0500044 0 P 0
L 63.77500326 90.65000412 66.57500274 90.65000412 0 P 0
L 63.77500326 93.0500044 66.57500274 93.0500044 0 P 0
L 66.57500274 87.89999946 66.57500274 90.29999974 0 P 0
L 66.57500274 90.65000412 66.57500274 93.0500044 0 P 0
L 66.72500498 88.32500242 66.72500498 90.17500126 0 P 0
L 66.72500498 88.32500242 67.67500562 88.32500242 0 P 0
L 66.72500498 90.17500126 67.67500562 90.17500126 0 P 0
L 66.72500498 91.17500688 66.72500498 93.02500572 0 P 0
L 66.72500498 91.17500688 67.67500562 91.17500688 0 P 0
L 66.72500498 93.02500572 67.67500562 93.02500572 0 P 0
L 67.44999972 73.7749985 67.44999972 74.72499914 0 P 0
L 67.44999972 73.7749985 69.29999856 73.7749985 0 P 0
L 67.44999972 74.72499914 69.29999856 74.72499914 0 P 0
L 67.67500562 88.32500242 67.67500562 90.17500126 0 P 0
L 67.67500562 91.17500688 67.67500562 93.02500572 0 P 0
L 69.29999856 73.7749985 69.29999856 74.72499914 0 P 0
L 71.15000248 76.35000224 71.15000248 77.35000278 0 P 0
L 71.15000248 76.35000224 73.05000122 76.35000224 0 P 0
L 71.15000248 77.35000278 73.05000122 77.35000278 0 P 0
L 71.44999934 71.37500076 71.44999934 73.2249996 0 P 0
L 71.44999934 71.37500076 72.39999998 71.37500076 0 P 0
L 71.44999934 73.2249996 72.39999998 73.2249996 0 P 0
L 72.2750015 21.79999958 72.2750015 23.29999912 0 P 0
L 72.2750015 21.79999958 73.0749999 21.79999958 0 P 0
L 72.2750015 23.29999912 73.0749999 23.29999912 0 P 0
L 72.39999998 71.37500076 72.39999998 73.2249996 0 P 0
L 73.05000122 76.35000224 73.05000122 77.35000278 0 P 0
L 73.0749999 21.79999958 73.0749999 23.29999912 0 P 0
L 73.07500244 21.79999958 73.07500244 23.29999912 0 P 0
L 73.07500244 21.79999958 73.87500084 21.79999958 0 P 0
L 73.07500244 23.29999912 73.87500084 23.29999912 0 P 0
L 73.87500084 21.79999958 73.87500084 23.29999912 0 P 0
L 73.87500084 21.79999958 73.87500084 23.29999912 0 P 0
L 73.87500084 21.79999958 74.67499924 21.79999958 0 P 0
L 73.87500084 23.29999912 74.67499924 23.29999912 0 P 0
L 74.02499546 27.10000168 74.02499546 30.69999956 0 P 0
L 74.02499546 27.10000168 75.62499734 27.10000168 0 P 0
L 74.02499546 30.69999956 75.62499734 30.69999956 0 P 0
L 74.02500308 15.92499736 74.02500308 17.3249971 0 P 0
L 74.02500308 15.92499736 74.72500422 15.92499736 0 P 0
L 74.02500308 17.3249971 74.72500422 17.3249971 0 P 0
L 74.67499924 21.79999958 74.67499924 23.29999912 0 P 0
L 74.67500178 21.79999958 74.67500178 23.29999912 0 P 0
L 74.67500178 21.79999958 75.47500018 21.79999958 0 P 0
L 74.67500178 23.29999912 75.47500018 23.29999912 0 P 0
L 74.72500422 15.92499736 74.72500422 17.3249971 0 P 0
L 74.72500422 15.92499736 74.72500422 17.3249971 0 P 0
L 74.72500422 15.92499736 75.42500536 15.92499736 0 P 0
L 74.72500422 17.3249971 75.42500536 17.3249971 0 P 0
L 75.42500536 15.92499736 75.42500536 17.3249971 0 P 0
L 75.47500018 21.79999958 75.47500018 23.29999912 0 P 0
L 75.47500018 21.79999958 75.47500018 23.29999912 0 P 0
L 75.47500018 21.79999958 76.27499858 21.79999958 0 P 0
L 75.47500018 23.29999912 76.27499858 23.29999912 0 P 0
L 75.52500008 15.92499736 75.52500008 17.3249971 0 P 0
L 75.52500008 15.92499736 76.22500122 15.92499736 0 P 0
L 75.52500008 17.3249971 76.22500122 17.3249971 0 P 0
L 75.62499734 27.10000168 75.62499734 30.69999956 0 P 0
L 76.22499868 15.92499736 76.22499868 17.3249971 0 P 0
L 76.22499868 15.92499736 76.92499982 15.92499736 0 P 0
L 76.22499868 17.3249971 76.92499982 17.3249971 0 P 0
L 76.22500122 15.92499736 76.22500122 17.3249971 0 P 0
L 76.24999736 28.15000212 76.24999736 29.65000166 0 P 0
L 76.24999736 28.15000212 79.24999898 28.15000212 0 P 0
L 76.24999736 29.65000166 79.24999898 29.65000166 0 P 0
L 76.27499858 21.79999958 76.27499858 23.29999912 0 P 0
L 76.27500112 21.79999958 76.27500112 23.29999912 0 P 0
L 76.27500112 21.79999958 77.07499952 21.79999958 0 P 0
L 76.27500112 23.29999912 77.07499952 23.29999912 0 P 0
L 76.92499982 15.92499736 76.92499982 17.3249971 0 P 0
L 77.02499962 15.92499736 77.02499962 17.3249971 0 P 0
L 77.02499962 15.92499736 77.72500076 15.92499736 0 P 0
L 77.02499962 17.3249971 77.72500076 17.3249971 0 P 0
L 77.07499952 21.79999958 77.07499952 23.29999912 0 P 0
L 77.07500206 21.79999958 77.07500206 23.29999912 0 P 0
L 77.07500206 21.79999958 77.87500046 21.79999958 0 P 0
L 77.07500206 23.29999912 77.87500046 23.29999912 0 P 0
L 77.72499822 15.92499736 77.72499822 17.3249971 0 P 0
L 77.72499822 15.92499736 78.42499936 15.92499736 0 P 0
L 77.72499822 17.3249971 78.42499936 17.3249971 0 P 0
L 77.72500076 15.92499736 77.72500076 17.3249971 0 P 0
L 77.87500046 21.79999958 77.87500046 23.29999912 0 P 0
L 77.87500046 21.79999958 77.87500046 23.29999912 0 P 0
L 77.87500046 21.79999958 78.67499886 21.79999958 0 P 0
L 77.87500046 23.29999912 78.67499886 23.29999912 0 P 0
L 78.42499936 15.92499736 78.42499936 17.3249971 0 P 0
L 78.52499916 15.92499736 78.52499916 17.3249971 0 P 0
L 78.52499916 15.92499736 79.2250003 15.92499736 0 P 0
L 78.52499916 17.3249971 79.2250003 17.3249971 0 P 0
L 78.62499896 74.32499994 78.62499896 75.32500048 0 P 0
L 78.62499896 74.32499994 80.5249977 74.32499994 0 P 0
L 78.62499896 75.32500048 80.5249977 75.32500048 0 P 0
L 78.62499896 75.37500038 78.62499896 76.37500092 0 P 0
L 78.62499896 75.37500038 80.5249977 75.37500038 0 P 0
L 78.62499896 76.37500092 80.5249977 76.37500092 0 P 0
L 78.6250015 71.27500096 78.6250015 72.2750015 0 P 0
L 78.6250015 71.27500096 80.52500024 71.27500096 0 P 0
L 78.6250015 72.2750015 78.6250015 73.27500204 0 P 0
L 78.6250015 72.2750015 80.52500024 72.2750015 0 P 0
L 78.6250015 72.2750015 80.52500024 72.2750015 0 P 0
L 78.6250015 73.2749995 78.6250015 74.27500004 0 P 0
L 78.6250015 73.2749995 80.52500024 73.2749995 0 P 0
L 78.6250015 73.27500204 80.52500024 73.27500204 0 P 0
L 78.6250015 74.27500004 80.52500024 74.27500004 0 P 0
L 78.67499886 21.79999958 78.67499886 23.29999912 0 P 0
L 78.6750014 21.79999958 78.6750014 23.29999912 0 P 0
L 78.6750014 21.79999958 79.4749998 21.79999958 0 P 0
L 78.6750014 23.29999912 79.4749998 23.29999912 0 P 0
L 79.22499776 15.92499736 79.22499776 17.3249971 0 P 0
L 79.22499776 15.92499736 79.9249989 15.92499736 0 P 0
L 79.22499776 17.3249971 79.9249989 17.3249971 0 P 0
L 79.2250003 15.92499736 79.2250003 17.3249971 0 P 0
L 79.24999898 28.15000212 79.24999898 29.65000166 0 P 0
L 79.4749998 21.79999958 79.4749998 23.29999912 0 P 0
L 79.47500234 21.79999958 79.47500234 23.29999912 0 P 0
L 79.47500234 21.79999958 80.27500074 21.79999958 0 P 0
L 79.47500234 23.29999912 80.27500074 23.29999912 0 P 0
L 79.89999768 27.10000168 79.89999768 30.69999956 0 P 0
L 79.89999768 27.10000168 81.49999956 27.10000168 0 P 0
L 79.89999768 30.69999956 81.49999956 30.69999956 0 P 0
L 79.9249989 15.92499736 79.9249989 17.3249971 0 P 0
L 80.27500074 21.79999958 80.27500074 23.29999912 0 P 0
L 80.5249977 74.32499994 80.5249977 75.32500048 0 P 0
L 80.5249977 75.37500038 80.5249977 76.37500092 0 P 0
L 80.52500024 71.27500096 80.52500024 72.2750015 0 P 0
L 80.52500024 72.2750015 80.52500024 73.27500204 0 P 0
L 80.52500024 73.2749995 80.52500024 74.27500004 0 P 0
L 81.49999956 27.10000168 81.49999956 30.69999956 0 P 0
L 81.67499794 71.87499722 81.67499794 74.7749965 0 P 0
L 81.67499794 71.87499722 84.57499722 71.87499722 0 P 0
L 81.67499794 74.7749965 84.57499722 74.7749965 0 P 0
L 81.67499794 74.8249964 81.67499794 77.72499568 0 P 0
L 81.67499794 74.8249964 84.57499722 74.8249964 0 P 0
L 81.67499794 77.72499568 84.57499722 77.72499568 0 P 0
L 84.17500056 34.925 84.17500056 35.87500064 0 P 0
L 84.17500056 34.925 86.0249994 34.925 0 P 0
L 84.17500056 35.87500064 86.0249994 35.87500064 0 P 0
L 84.17500056 36.02500034 84.17500056 36.97500098 0 P 0
L 84.17500056 36.02500034 86.0249994 36.02500034 0 P 0
L 84.17500056 36.97500098 86.0249994 36.97500098 0 P 0
L 84.57499722 71.87499722 84.57499722 74.7749965 0 P 0
L 84.57499722 74.8249964 84.57499722 77.72499568 0 P 0
L 85.0250014 70.90000044 85.0250014 72.74999928 0 P 0
L 85.0250014 70.90000044 85.97500204 70.90000044 0 P 0
L 85.0250014 72.74999928 85.97500204 72.74999928 0 P 0
L 85.0250014 73.74999982 85.0250014 74.75000036 0 P 0
L 85.0250014 73.74999982 86.92500014 73.74999982 0 P 0
L 85.0250014 74.75000036 85.0250014 75.7500009 0 P 0
L 85.0250014 74.75000036 86.92500014 74.75000036 0 P 0
L 85.0250014 74.75000036 86.92500014 74.75000036 0 P 0
L 85.0250014 75.7500009 86.92500014 75.7500009 0 P 0
L 85.97500204 70.90000044 85.97500204 72.74999928 0 P 0
L 86.0249994 34.925 86.0249994 35.87500064 0 P 0
L 86.0249994 36.02500034 86.0249994 36.97500098 0 P 0
L 86.224999 70.02500092 86.224999 71.92499966 0 P 0
L 86.224999 70.02500092 87.22499954 70.02500092 0 P 0
L 86.224999 71.92499966 87.22499954 71.92499966 0 P 0
L 86.92500014 73.74999982 86.92500014 74.75000036 0 P 0
L 86.92500014 74.75000036 86.92500014 75.7500009 0 P 0
L 87.22499954 70.02500092 87.22499954 71.92499966 0 P 0
L 87.22499954 70.02500092 87.22499954 71.92499966 0 P 0
L 87.22499954 70.02500092 88.22500008 70.02500092 0 P 0
L 87.22499954 71.92499966 88.22500008 71.92499966 0 P 0
L 87.22500208 77.07499952 87.22500208 78.97499826 0 P 0
L 87.22500208 77.07499952 88.22500262 77.07499952 0 P 0
L 87.22500208 78.97499826 88.22500262 78.97499826 0 P 0
L 88.22500008 70.02500092 88.22500008 71.92499966 0 P 0
L 88.22500262 77.07499952 88.22500262 78.97499826 0 P 0
L 88.72499908 70.02500092 88.72499908 71.92499966 0 P 0
L 88.72499908 70.02500092 89.72499962 70.02500092 0 P 0
L 88.72499908 71.92499966 89.72499962 71.92499966 0 P 0
L 89.72499962 70.02500092 89.72499962 71.92499966 0 P 0
L 89.72500216 77.0999982 89.72500216 78.99999694 0 P 0
L 89.72500216 77.0999982 90.7250027 77.0999982 0 P 0
L 89.72500216 78.99999694 90.7250027 78.99999694 0 P 0
L 89.82499942 70.02500092 89.82499942 71.92499966 0 P 0
L 89.82499942 70.02500092 90.82499996 70.02500092 0 P 0
L 89.82499942 71.92499966 90.82499996 71.92499966 0 P 0
L 90.72500016 77.0999982 90.72500016 78.99999694 0 P 0
L 90.72500016 77.0999982 91.7250007 77.0999982 0 P 0
L 90.72500016 78.99999694 91.7250007 78.99999694 0 P 0
L 90.7250027 77.0999982 90.7250027 78.99999694 0 P 0
L 90.82499996 70.02500092 90.82499996 71.92499966 0 P 0
L 90.82499996 70.02500092 90.82499996 71.92499966 0 P 0
L 90.82499996 70.02500092 91.8250005 70.02500092 0 P 0
L 90.82499996 71.92499966 91.8250005 71.92499966 0 P 0
L 91.7250007 77.0999982 91.7250007 78.99999694 0 P 0
L 91.7250007 77.0999982 91.7250007 78.99999694 0 P 0
L 91.7250007 77.0999982 92.72500124 77.0999982 0 P 0
L 91.7250007 78.99999694 92.72500124 78.99999694 0 P 0
L 91.8250005 70.02500092 91.8250005 71.92499966 0 P 0
L 92.04999878 71.74999874 92.04999878 72.74999928 0 P 0
L 92.04999878 71.74999874 93.94999752 71.74999874 0 P 0
L 92.04999878 72.74999928 93.94999752 72.74999928 0 P 0
L 92.72500124 77.0999982 92.72500124 78.99999694 0 P 0
L 93.94999752 71.74999874 93.94999752 72.74999928 0 P 0
L 94.22500078 90.79999874 94.22500078 92.40000062 0 P 0
L 94.22500078 90.79999874 97.82499866 90.79999874 0 P 0
L 94.22500078 92.40000062 97.82499866 92.40000062 0 P 0
L 94.24999946 73.25000082 94.24999946 74.20000146 0 P 0
L 94.24999946 73.25000082 96.0999983 73.25000082 0 P 0
L 94.24999946 74.19999892 94.24999946 75.14999956 0 P 0
L 94.24999946 74.19999892 96.0999983 74.19999892 0 P 0
L 94.24999946 74.20000146 96.0999983 74.20000146 0 P 0
L 94.24999946 75.14999956 96.0999983 75.14999956 0 P 0
L 95.2000001 80.39999922 95.2000001 86.80000166 0 P 0
L 95.2000001 80.39999922 100.20000026 80.39999922 0 P 0
L 95.2000001 86.80000166 100.20000026 86.80000166 0 P 0
L 96.0999983 73.25000082 96.0999983 74.20000146 0 P 0
L 96.0999983 74.19999892 96.0999983 75.14999956 0 P 0
L 96.32500166 40.82499836 96.32500166 42.42500024 0 P 0
L 96.32500166 40.82499836 99.92499954 40.82499836 0 P 0
L 96.32500166 42.42500024 99.92499954 42.42500024 0 P 0
L 96.45000014 31.52499918 96.45000014 33.12500106 0 P 0
L 96.45000014 31.52499918 100.04999802 31.52499918 0 P 0
L 96.45000014 33.12500106 100.04999802 33.12500106 0 P 0
L 97.39999062 56.9000005 97.39999062 60.49999838 0 P 0
L 97.39999062 56.9000005 98.9999925 56.9000005 0 P 0
L 97.39999062 60.49999838 98.9999925 60.49999838 0 P 0
L 97.39999062 61.15000216 97.39999062 64.75000004 0 P 0
L 97.39999062 61.15000216 98.9999925 61.15000216 0 P 0
L 97.39999062 64.75000004 98.9999925 64.75000004 0 P 0
L 97.82499866 90.79999874 97.82499866 92.40000062 0 P 0
L 98.9749989 65.95000018 98.9749989 67.79999902 0 P 0
L 98.9749989 65.95000018 99.92499954 65.95000018 0 P 0
L 98.9749989 67.79999902 99.92499954 67.79999902 0 P 0
L 98.9999925 56.9000005 98.9999925 60.49999838 0 P 0
L 98.9999925 61.15000216 98.9999925 64.75000004 0 P 0
L 99.92499954 40.82499836 99.92499954 42.42500024 0 P 0
L 99.92499954 65.95000018 99.92499954 67.79999902 0 P 0
L 100.04999802 31.52499918 100.04999802 33.12500106 0 P 0
L 100.20000026 80.39999922 100.20000026 86.80000166 0 P 0
L 100.30000006 87.69999986 100.30000006 89.30000174 0 P 0
L 100.30000006 87.69999986 103.89999794 87.69999986 0 P 0
L 100.30000006 89.30000174 103.89999794 89.30000174 0 P 0
L 100.72500048 80.39999922 100.72500048 86.80000166 0 P 0
L 100.72500048 80.39999922 105.72500064 80.39999922 0 P 0
L 100.72500048 86.80000166 105.72500064 86.80000166 0 P 0
L 101.19999826 75.6000012 101.19999826 78.20000108 0 P 0
L 101.19999826 75.6000012 105.59999962 75.6000012 0 P 0
L 101.19999826 78.20000108 105.59999962 78.20000108 0 P 0
L 103.89999794 87.69999986 103.89999794 89.30000174 0 P 0
L 105.59999962 75.6000012 105.59999962 78.20000108 0 P 0
L 105.72500064 80.39999922 105.72500064 86.80000166 0 P 0
L 112.29999892 16.69999962 112.29999892 19.2999995 0 P 0
L 112.29999892 16.69999962 116.70000028 16.69999962 0 P 0
L 112.29999892 19.2999995 116.70000028 19.2999995 0 P 0
L 116.70000028 16.69999962 116.70000028 19.2999995 0 P 0
