UNITS=MM
#Layer_Color=32896
#
#Feature symbol names
#
$0 r99.9998

#
#Feature attribute names
#

#
#Layer features
#
L 0.45000164 49.74999956 1.34999984 49.74999956 0 P 0
L 0.90000074 49.30000046 0.90000074 50.19999866 0 P 0
L 1.90000128 49.74999956 2.50000008 49.74999956 0 P 0
L 2.20000068 49.44999762 2.20000068 50.04999896 0 P 0
L 4.85000046 94.6500012 5.84999846 94.6500012 0 P 0
L 5.34999946 94.1500022 5.34999946 95.15000274 0 P 0
L 15.59999928 31.47499928 16.49999748 31.47499928 0 P 0
L 15.59999928 51.97499892 16.49999748 51.97499892 0 P 0
L 15.59999928 72.4750011 16.49999748 72.4750011 0 P 0
L 15.59999928 92.97500074 16.49999748 92.97500074 0 P 0
L 16.04999838 31.02500018 16.04999838 31.92499838 0 P 0
L 16.04999838 51.52499982 16.04999838 52.42499802 0 P 0
L 16.04999838 72.025002 16.04999838 72.9250002 0 P 0
L 16.04999838 92.52500164 16.04999838 93.42499984 0 P 0
L 17.04999892 31.47499928 18.04999946 31.47499928 0 P 0
L 17.04999892 51.97499892 18.04999946 51.97499892 0 P 0
L 17.04999892 72.4750011 18.04999946 72.4750011 0 P 0
L 17.04999892 92.97500074 18.04999946 92.97500074 0 P 0
L 17.55000046 30.97500028 17.55000046 31.97500082 0 P 0
L 17.55000046 51.47499992 17.55000046 52.47500046 0 P 0
L 17.55000046 71.9750021 17.55000046 72.97500264 0 P 0
L 17.55000046 92.47500174 17.55000046 93.47500228 0 P 0
L 18.9249939 30.44999752 19.52499524 30.44999752 0 P 0
L 18.9249939 50.94999716 19.52499524 50.94999716 0 P 0
L 18.9249939 71.44999934 19.52499524 71.44999934 0 P 0
L 18.9249939 91.94999898 19.52499524 91.94999898 0 P 0
L 19.2249933 30.14999812 19.2249933 30.74999692 0 P 0
L 19.2249933 50.64999776 19.2249933 51.24999656 0 P 0
L 19.2249933 71.14999994 19.2249933 71.74999874 0 P 0
L 19.2249933 91.64999958 19.2249933 92.24999838 0 P 0
L 19.29999188 85.84999086 19.89999068 85.84999086 0 P 0
L 19.2999995 24.37500078 19.8999983 24.37500078 0 P 0
L 19.2999995 44.87500042 19.8999983 44.87500042 0 P 0
L 19.2999995 65.34999884 19.8999983 65.34999884 0 P 0
L 19.35000194 31.87499848 20.25000014 31.87499848 0 P 0
L 19.35000194 52.37499812 20.25000014 52.37499812 0 P 0
L 19.35000194 72.8750003 20.25000014 72.8750003 0 P 0
L 19.35000194 93.37499994 20.25000014 93.37499994 0 P 0
L 19.59999128 85.54998892 19.59999128 86.14999026 0 P 0
L 19.5999989 24.07499884 19.5999989 24.67500018 0 P 0
L 19.5999989 44.57499848 19.5999989 45.17499982 0 P 0
L 19.5999989 65.0499969 19.5999989 65.64999824 0 P 0
L 19.80000104 31.42499938 19.80000104 32.32499758 0 P 0
L 19.80000104 51.92499902 19.80000104 52.82499722 0 P 0
L 19.80000104 72.4250012 19.80000104 73.3249994 0 P 0
L 19.80000104 92.92500084 19.80000104 93.82499904 0 P 0
L 20.77499274 30.44999752 21.37499408 30.44999752 0 P 0
L 20.77499274 50.94999716 21.37499408 50.94999716 0 P 0
L 20.77499274 71.44999934 21.37499408 71.44999934 0 P 0
L 20.77499274 91.94999898 21.37499408 91.94999898 0 P 0
L 21.07499214 30.14999812 21.07499214 30.74999692 0 P 0
L 21.07499214 50.64999776 21.07499214 51.24999656 0 P 0
L 21.07499214 71.14999994 21.07499214 71.74999874 0 P 0
L 21.07499214 91.64999958 21.07499214 92.24999838 0 P 0
L 22.59999798 31.87499848 23.59999852 31.87499848 0 P 0
L 22.59999798 52.37499812 23.59999852 52.37499812 0 P 0
L 22.59999798 72.8750003 23.59999852 72.8750003 0 P 0
L 22.59999798 93.37499994 23.59999852 93.37499994 0 P 0
L 22.62499158 30.4499899 23.22499292 30.4499899 0 P 0
L 22.62499158 50.94998954 23.22499292 50.94998954 0 P 0
L 22.62499158 71.44999172 23.22499292 71.44999172 0 P 0
L 22.62499158 91.94999136 23.22499292 91.94999136 0 P 0
L 22.92499352 30.1499905 22.92499352 30.7499893 0 P 0
L 22.92499352 50.64999014 22.92499352 51.24998894 0 P 0
L 22.92499352 71.14999232 22.92499352 71.74999112 0 P 0
L 22.92499352 91.64999196 22.92499352 92.24999076 0 P 0
L 23.09999952 31.37499948 23.09999952 32.37499748 0 P 0
L 23.09999952 51.87499912 23.09999952 52.87499712 0 P 0
L 23.09999952 72.3750013 23.09999952 73.3749993 0 P 0
L 23.09999952 92.87500094 23.09999952 93.87499894 0 P 0
L 25.00000334 18.00000464 26.00000388 18.00000464 0 P 0
L 25.00000334 38.50000428 26.00000388 38.50000428 0 P 0
L 25.00000334 59.00000646 26.00000388 59.00000646 0 P 0
L 25.00000334 79.5000061 26.00000388 79.5000061 0 P 0
L 25.50000488 17.5000031 25.50000488 18.50000364 0 P 0
L 25.50000488 38.00000274 25.50000488 39.00000328 0 P 0
L 25.50000488 58.50000492 25.50000488 59.50000546 0 P 0
L 25.50000488 79.00000456 25.50000488 80.0000051 0 P 0
L 27.79999774 30.69999956 28.79999828 30.69999956 0 P 0
L 27.79999774 51.1999992 28.79999828 51.1999992 0 P 0
L 27.79999774 71.70000138 28.79999828 71.70000138 0 P 0
L 27.79999774 92.20000102 28.79999828 92.20000102 0 P 0
L 27.99499862 24.34999956 28.59499742 24.34999956 0 P 0
L 27.99499862 44.8499992 28.59499742 44.8499992 0 P 0
L 27.99499862 65.35000138 28.59499742 65.35000138 0 P 0
L 27.99499862 85.85000102 28.59499742 85.85000102 0 P 0
L 28.00000496 18.00000464 29.0000055 18.00000464 0 P 0
L 28.00000496 38.50000428 29.0000055 38.50000428 0 P 0
L 28.00000496 59.00000646 29.0000055 59.00000646 0 P 0
L 28.00000496 79.5000061 29.0000055 79.5000061 0 P 0
L 28.29499802 24.04999762 28.29499802 24.64999896 0 P 0
L 28.29499802 44.54999726 28.29499802 45.1499986 0 P 0
L 28.29499802 65.04999944 28.29499802 65.65000078 0 P 0
L 28.29499802 85.54999908 28.29499802 86.15000042 0 P 0
L 28.29999928 30.19999802 28.29999928 31.19999856 0 P 0
L 28.29999928 50.69999766 28.29999928 51.6999982 0 P 0
L 28.29999928 71.19999984 28.29999928 72.20000038 0 P 0
L 28.29999928 91.69999948 28.29999928 92.70000002 0 P 0
L 28.5000065 17.5000031 28.5000065 18.50000364 0 P 0
L 28.5000065 38.00000274 28.5000065 39.00000328 0 P 0
L 28.5000065 58.50000492 28.5000065 59.50000546 0 P 0
L 28.5000065 79.00000456 28.5000065 80.0000051 0 P 0
L 30.8500018 30.69999956 31.75 30.69999956 0 P 0
L 30.8500018 51.1999992 31.75 51.1999992 0 P 0
L 30.8500018 71.70000138 31.75 71.70000138 0 P 0
L 30.8500018 92.20000102 31.75 92.20000102 0 P 0
L 31.00000658 18.0000021 32.00000712 18.0000021 0 P 0
L 31.00000658 38.50000174 32.00000712 38.50000174 0 P 0
L 31.00000658 59.00000392 32.00000712 59.00000392 0 P 0
L 31.00000658 79.50000356 32.00000712 79.50000356 0 P 0
L 31.3000009 30.25000046 31.3000009 31.14999866 0 P 0
L 31.3000009 50.7500001 31.3000009 51.6499983 0 P 0
L 31.3000009 71.25000228 31.3000009 72.15000048 0 P 0
L 31.3000009 91.75000192 31.3000009 92.65000012 0 P 0
L 31.50000558 17.5000031 31.50000558 18.50000364 0 P 0
L 31.50000558 38.00000274 31.50000558 39.00000328 0 P 0
L 31.50000558 58.50000492 31.50000558 59.50000546 0 P 0
L 31.50000558 79.00000456 31.50000558 80.0000051 0 P 0
L 32.92500146 23.04999962 33.52500026 23.04999962 0 P 0
L 32.92500146 43.54999926 33.52500026 43.54999926 0 P 0
L 32.92500146 64.05000144 33.52500026 64.05000144 0 P 0
L 32.92500146 84.55000108 33.52500026 84.55000108 0 P 0
L 32.95000014 21.04999854 33.54999894 21.04999854 0 P 0
L 32.95000014 41.54999818 33.54999894 41.54999818 0 P 0
L 32.95000014 62.05000036 33.54999894 62.05000036 0 P 0
L 32.95000014 82.55 33.54999894 82.55 0 P 0
L 33.22500086 22.75000022 33.22500086 23.35000156 0 P 0
L 33.22500086 43.24999986 33.22500086 43.8500012 0 P 0
L 33.22500086 63.75000204 33.22500086 64.35000338 0 P 0
L 33.22500086 84.25000168 33.22500086 84.85000302 0 P 0
L 33.24999954 20.74999914 33.24999954 21.35000048 0 P 0
L 33.24999954 41.24999878 33.24999954 41.85000012 0 P 0
L 33.24999954 61.75000096 33.24999954 62.3500023 0 P 0
L 33.24999954 82.2500006 33.24999954 82.85000194 0 P 0
L 33.74999854 24.72500008 34.74999908 24.72500008 0 P 0
L 33.74999854 45.22499972 34.74999908 45.22499972 0 P 0
L 33.74999854 65.7250019 34.74999908 65.7250019 0 P 0
L 33.74999854 86.22500154 34.74999908 86.22500154 0 P 0
L 33.8750021 27.07499792 34.87500264 27.07499792 0 P 0
L 33.8750021 47.57499756 34.87500264 47.57499756 0 P 0
L 33.8750021 68.07499974 34.87500264 68.07499974 0 P 0
L 33.8750021 88.57499938 34.87500264 88.57499938 0 P 0
L 33.925002 30.07500462 34.8250002 30.07500462 0 P 0
L 33.925002 50.57500426 34.8250002 50.57500426 0 P 0
L 33.925002 71.07500644 34.8250002 71.07500644 0 P 0
L 33.925002 91.57500608 34.8250002 91.57500608 0 P 0
L 34.25000008 24.22499854 34.25000008 25.22499908 0 P 0
L 34.25000008 44.72499818 34.25000008 45.72499872 0 P 0
L 34.25000008 65.22500036 34.25000008 66.2250009 0 P 0
L 34.25000008 85.725 34.25000008 86.72500054 0 P 0
L 34.3750011 26.57499638 34.3750011 27.57499692 0 P 0
L 34.3750011 29.62500552 34.3750011 30.52500372 0 P 0
L 34.3750011 47.07499602 34.3750011 48.07499656 0 P 0
L 34.3750011 50.12500516 34.3750011 51.02500336 0 P 0
L 34.3750011 67.5749982 34.3750011 68.57499874 0 P 0
L 34.3750011 70.62500734 34.3750011 71.52500554 0 P 0
L 34.3750011 88.07499784 34.3750011 89.07499838 0 P 0
L 34.3750011 91.12500698 34.3750011 92.02500518 0 P 0
L 34.8750001 32.07500824 35.47500144 32.07500824 0 P 0
L 34.8750001 33.07500878 35.47500144 33.07500878 0 P 0
L 34.8750001 52.57500788 35.47500144 52.57500788 0 P 0
L 34.8750001 53.57500842 35.47500144 53.57500842 0 P 0
L 34.8750001 73.07501006 35.47500144 73.07501006 0 P 0
L 34.8750001 74.0750106 35.47500144 74.0750106 0 P 0
L 34.8750001 93.5750097 35.47500144 93.5750097 0 P 0
L 34.8750001 94.57501024 35.47500144 94.57501024 0 P 0
L 35.00000112 20.37499862 36.00000166 20.37499862 0 P 0
L 35.00000112 23.22500054 35.89999932 23.22500054 0 P 0
L 35.00000112 40.87499826 36.00000166 40.87499826 0 P 0
L 35.00000112 43.72500018 35.89999932 43.72500018 0 P 0
L 35.00000112 61.37500044 36.00000166 61.37500044 0 P 0
L 35.00000112 64.22500236 35.89999932 64.22500236 0 P 0
L 35.00000112 81.87500008 36.00000166 81.87500008 0 P 0
L 35.00000112 84.725002 35.89999932 84.725002 0 P 0
L 35.17500204 31.77500884 35.17500204 32.37500764 0 P 0
L 35.17500204 32.77500938 35.17500204 33.37500818 0 P 0
L 35.17500204 52.27500848 35.17500204 52.87500728 0 P 0
L 35.17500204 53.27500902 35.17500204 53.87500782 0 P 0
L 35.17500204 72.77501066 35.17500204 73.37500946 0 P 0
L 35.17500204 73.7750112 35.17500204 74.37501 0 P 0
L 35.17500204 93.2750103 35.17500204 93.8750091 0 P 0
L 35.17500204 94.27501084 35.17500204 94.87500964 0 P 0
L 35.34999788 30.6250086 35.94999668 30.6250086 0 P 0
L 35.34999788 51.12500824 35.94999668 51.12500824 0 P 0
L 35.34999788 71.62501042 35.94999668 71.62501042 0 P 0
L 35.34999788 92.12501006 35.94999668 92.12501006 0 P 0
L 35.35000042 28.77500722 35.94999922 28.77500722 0 P 0
L 35.35000042 49.27500686 35.94999922 49.27500686 0 P 0
L 35.35000042 69.77500904 35.94999922 69.77500904 0 P 0
L 35.35000042 90.27500868 35.94999922 90.27500868 0 P 0
L 35.45000022 22.77500144 35.45000022 23.67499964 0 P 0
L 35.45000022 43.27500108 35.45000022 44.17499928 0 P 0
L 35.45000022 63.77500326 35.45000022 64.67500146 0 P 0
L 35.45000022 84.2750029 35.45000022 85.1750011 0 P 0
L 35.50000012 19.87499962 35.50000012 20.87499762 0 P 0
L 35.50000012 40.37499926 35.50000012 41.37499726 0 P 0
L 35.50000012 60.87500144 35.50000012 61.87499944 0 P 0
L 35.50000012 81.37500108 35.50000012 82.37499908 0 P 0
L 35.57500124 26.90000716 36.17500004 26.90000716 0 P 0
L 35.57500124 47.4000068 36.17500004 47.4000068 0 P 0
L 35.57500124 67.90000898 36.17500004 67.90000898 0 P 0
L 35.57500124 88.40000862 36.17500004 88.40000862 0 P 0
L 35.64999728 30.3250092 35.64999728 30.92501054 0 P 0
L 35.64999728 50.82500884 35.64999728 51.42501018 0 P 0
L 35.64999728 71.32501102 35.64999728 71.92501236 0 P 0
L 35.64999728 91.82501066 35.64999728 92.425012 0 P 0
L 35.64999982 28.47500782 35.64999982 29.07500916 0 P 0
L 35.64999982 48.97500746 35.64999982 49.5750088 0 P 0
L 35.64999982 69.47500964 35.64999982 70.07501098 0 P 0
L 35.64999982 89.97500928 35.64999982 90.57501062 0 P 0
L 35.87500064 26.60000522 35.87500064 27.20000656 0 P 0
L 35.87500064 47.10000486 35.87500064 47.7000062 0 P 0
L 35.87500064 67.60000704 35.87500064 68.20000838 0 P 0
L 35.87500064 88.10000668 35.87500064 88.70000802 0 P 0
L 35.92500054 24.89999846 36.52499934 24.89999846 0 P 0
L 35.92500054 45.3999981 36.52499934 45.3999981 0 P 0
L 35.92500054 65.90000028 36.52499934 65.90000028 0 P 0
L 35.92500054 86.39999992 36.52499934 86.39999992 0 P 0
L 36.22499994 24.59999652 36.22499994 25.19999786 0 P 0
L 36.22499994 45.09999616 36.22499994 45.6999975 0 P 0
L 36.22499994 65.59999834 36.22499994 66.19999968 0 P 0
L 36.22499994 86.09999798 36.22499994 86.69999932 0 P 0
L 36.59999792 17.75000006 37.19999926 17.75000006 0 P 0
L 36.59999792 38.2499997 37.19999926 38.2499997 0 P 0
L 36.59999792 58.75000188 37.19999926 58.75000188 0 P 0
L 36.59999792 79.25000152 37.19999926 79.25000152 0 P 0
L 36.89999986 17.45000066 36.89999986 18.04999946 0 P 0
L 36.89999986 37.9500003 36.89999986 38.5499991 0 P 0
L 36.89999986 58.45000248 36.89999986 59.05000128 0 P 0
L 36.89999986 78.95000212 36.89999986 79.55000092 0 P 0
L 36.99999966 26.87500848 37.600001 26.87500848 0 P 0
L 36.99999966 47.37500812 37.600001 47.37500812 0 P 0
L 36.99999966 67.8750103 37.600001 67.8750103 0 P 0
L 36.99999966 88.37500994 37.600001 88.37500994 0 P 0
L 37.0000022 27.87500902 37.60000354 27.87500902 0 P 0
L 37.0000022 48.37500866 37.60000354 48.37500866 0 P 0
L 37.0000022 68.87501084 37.60000354 68.87501084 0 P 0
L 37.0000022 89.37501048 37.60000354 89.37501048 0 P 0
L 37.100002 33.07500878 37.70000334 33.07500878 0 P 0
L 37.100002 53.57500842 37.70000334 53.57500842 0 P 0
L 37.100002 74.0750106 37.70000334 74.0750106 0 P 0
L 37.100002 94.57501024 37.70000334 94.57501024 0 P 0
L 37.3000016 26.57500908 37.3000016 27.17500788 0 P 0
L 37.3000016 27.57500962 37.3000016 28.17500842 0 P 0
L 37.3000016 47.07500872 37.3000016 47.67500752 0 P 0
L 37.3000016 48.07500926 37.3000016 48.67500806 0 P 0
L 37.3000016 67.5750109 37.3000016 68.1750097 0 P 0
L 37.3000016 68.57501144 37.3000016 69.17501024 0 P 0
L 37.3000016 88.07501054 37.3000016 88.67500934 0 P 0
L 37.3000016 89.07501108 37.3000016 89.67500988 0 P 0
L 37.4000014 32.77500938 37.4000014 33.37500818 0 P 0
L 37.4000014 53.27500902 37.4000014 53.87500782 0 P 0
L 37.4000014 73.7750112 37.4000014 74.37501 0 P 0
L 37.4000014 94.27501084 37.4000014 94.87500964 0 P 0
L 37.77499938 30.45000514 38.77499992 30.45000514 0 P 0
L 37.77499938 50.95000478 38.77499992 50.95000478 0 P 0
L 37.77499938 71.45000696 38.77499992 71.45000696 0 P 0
L 37.77499938 91.9500066 38.77499992 91.9500066 0 P 0
L 38.27499838 29.9500036 38.27499838 30.95000414 0 P 0
L 38.27499838 50.45000324 38.27499838 51.45000378 0 P 0
L 38.27499838 70.95000542 38.27499838 71.95000596 0 P 0
L 38.27499838 91.45000506 38.27499838 92.4500056 0 P 0
L 38.92500216 27.5500084 39.5250035 27.5500084 0 P 0
L 38.92500216 48.05000804 39.5250035 48.05000804 0 P 0
L 38.92500216 68.55001022 39.5250035 68.55001022 0 P 0
L 38.92500216 89.05000986 39.5250035 89.05000986 0 P 0
L 38.97499698 33.07499862 39.57499832 33.07499862 0 P 0
L 38.97499698 53.57499826 39.57499832 53.57499826 0 P 0
L 38.97499698 74.07500044 39.57499832 74.07500044 0 P 0
L 38.97499698 94.57500008 39.57499832 94.57500008 0 P 0
L 39.2250041 27.250009 39.2250041 27.8500078 0 P 0
L 39.2250041 47.75000864 39.2250041 48.35000744 0 P 0
L 39.2250041 68.25001082 39.2250041 68.85000962 0 P 0
L 39.2250041 88.75001046 39.2250041 89.35000926 0 P 0
L 39.27499892 32.77499922 39.27499892 33.37499802 0 P 0
L 39.27499892 53.27499886 39.27499892 53.87499766 0 P 0
L 39.27499892 73.77500104 39.27499892 74.37499984 0 P 0
L 39.27499892 94.27500068 39.27499892 94.87499948 0 P 0
L 39.32500136 18.04999946 39.9250027 18.04999946 0 P 0
L 39.32500136 38.5499991 39.9250027 38.5499991 0 P 0
L 39.32500136 59.05000128 39.9250027 59.05000128 0 P 0
L 39.32500136 79.55000092 39.9250027 79.55000092 0 P 0
L 39.50000228 22.35000356 40.50000028 22.35000356 0 P 0
L 39.50000228 42.8500032 40.50000028 42.8500032 0 P 0
L 39.50000228 63.35000538 40.50000028 63.35000538 0 P 0
L 39.50000228 83.85000502 40.50000028 83.85000502 0 P 0
L 39.59999954 26.55000278 40.20000088 26.55000278 0 P 0
L 39.59999954 47.05000242 40.20000088 47.05000242 0 P 0
L 39.59999954 67.5500046 40.20000088 67.5500046 0 P 0
L 39.59999954 88.05000424 40.20000088 88.05000424 0 P 0
L 39.62500076 17.75000006 39.62500076 18.34999886 0 P 0
L 39.62500076 38.2499997 39.62500076 38.8499985 0 P 0
L 39.62500076 58.75000188 39.62500076 59.35000068 0 P 0
L 39.62500076 79.25000152 39.62500076 79.85000032 0 P 0
L 39.90000148 26.25000338 39.90000148 26.85000218 0 P 0
L 39.90000148 46.75000302 39.90000148 47.35000182 0 P 0
L 39.90000148 67.2500052 39.90000148 67.850004 0 P 0
L 39.90000148 87.75000484 39.90000148 88.35000364 0 P 0
L 40.00000128 21.85000202 40.00000128 22.85000256 0 P 0
L 40.00000128 42.35000166 40.00000128 43.3500022 0 P 0
L 40.00000128 62.85000384 40.00000128 63.85000438 0 P 0
L 40.00000128 83.35000348 40.00000128 84.35000402 0 P 0
L 41.02499796 31.82499858 41.6249993 31.82499858 0 P 0
L 41.02499796 52.32499822 41.6249993 52.32499822 0 P 0
L 41.02499796 72.8250004 41.6249993 72.8250004 0 P 0
L 41.02499796 93.32500004 41.6249993 93.32500004 0 P 0
L 41.02500558 27.82500912 41.62500692 27.82500912 0 P 0
L 41.02500558 28.77500976 41.62500692 28.77500976 0 P 0
L 41.02500558 32.82500928 41.62500692 32.82500928 0 P 0
L 41.02500558 48.32500876 41.62500692 48.32500876 0 P 0
L 41.02500558 49.2750094 41.62500692 49.2750094 0 P 0
L 41.02500558 53.32500892 41.62500692 53.32500892 0 P 0
L 41.02500558 68.82501094 41.62500692 68.82501094 0 P 0
L 41.02500558 69.77501158 41.62500692 69.77501158 0 P 0
L 41.02500558 73.8250111 41.62500692 73.8250111 0 P 0
L 41.02500558 89.32501058 41.62500692 89.32501058 0 P 0
L 41.02500558 90.27501122 41.62500692 90.27501122 0 P 0
L 41.02500558 94.32501074 41.62500692 94.32501074 0 P 0
L 41.04999918 29.69999902 41.65000052 29.69999902 0 P 0
L 41.04999918 50.19999866 41.65000052 50.19999866 0 P 0
L 41.04999918 70.70000084 41.65000052 70.70000084 0 P 0
L 41.04999918 91.20000048 41.65000052 91.20000048 0 P 0
L 41.05000172 30.77499814 41.65000306 30.77499814 0 P 0
L 41.05000172 51.27499778 41.65000306 51.27499778 0 P 0
L 41.05000172 71.77499996 41.65000306 71.77499996 0 P 0
L 41.05000172 92.2749996 41.65000306 92.2749996 0 P 0
L 41.19999888 18.04999692 41.80000022 18.04999692 0 P 0
L 41.19999888 38.54999656 41.80000022 38.54999656 0 P 0
L 41.19999888 59.04999874 41.80000022 59.04999874 0 P 0
L 41.19999888 79.54999838 41.80000022 79.54999838 0 P 0
L 41.3249999 31.52499918 41.3249999 32.12499798 0 P 0
L 41.3249999 52.02499882 41.3249999 52.62499762 0 P 0
L 41.3249999 72.525001 41.3249999 73.1249998 0 P 0
L 41.3249999 93.02500064 41.3249999 93.62499944 0 P 0
L 41.32500498 27.52500972 41.32500498 28.12500852 0 P 0
L 41.32500498 28.47501036 41.32500498 29.07500916 0 P 0
L 41.32500498 32.52500988 41.32500498 33.12500868 0 P 0
L 41.32500498 48.02500936 41.32500498 48.62500816 0 P 0
L 41.32500498 48.97501 41.32500498 49.5750088 0 P 0
L 41.32500498 53.02500952 41.32500498 53.62500832 0 P 0
L 41.32500498 68.52501154 41.32500498 69.12501034 0 P 0
L 41.32500498 69.47501218 41.32500498 70.07501098 0 P 0
L 41.32500498 73.5250117 41.32500498 74.1250105 0 P 0
L 41.32500498 89.02501118 41.32500498 89.62500998 0 P 0
L 41.32500498 89.97501182 41.32500498 90.57501062 0 P 0
L 41.32500498 94.02501134 41.32500498 94.62501014 0 P 0
L 41.35000112 29.39999962 41.35000112 29.99999842 0 P 0
L 41.35000112 30.47499874 41.35000112 31.07499754 0 P 0
L 41.35000112 49.89999926 41.35000112 50.49999806 0 P 0
L 41.35000112 50.97499838 41.35000112 51.57499718 0 P 0
L 41.35000112 70.40000144 41.35000112 71.00000024 0 P 0
L 41.35000112 71.47500056 41.35000112 72.07499936 0 P 0
L 41.35000112 90.90000108 41.35000112 91.49999988 0 P 0
L 41.35000112 91.9750002 41.35000112 92.574999 0 P 0
L 41.50000082 17.74999752 41.50000082 18.34999632 0 P 0
L 41.50000082 26.55000278 42.10000216 26.55000278 0 P 0
L 41.50000082 38.24999716 41.50000082 38.84999596 0 P 0
L 41.50000082 47.05000242 42.10000216 47.05000242 0 P 0
L 41.50000082 58.74999934 41.50000082 59.34999814 0 P 0
L 41.50000082 67.5500046 42.10000216 67.5500046 0 P 0
L 41.50000082 79.24999898 41.50000082 79.84999778 0 P 0
L 41.50000082 88.05000424 42.10000216 88.05000424 0 P 0
L 41.80000022 26.25000338 41.80000022 26.85000218 0 P 0
L 41.80000022 46.75000302 41.80000022 47.35000182 0 P 0
L 41.80000022 67.2500052 41.80000022 67.850004 0 P 0
L 41.80000022 87.75000484 41.80000022 88.35000364 0 P 0
L 45.62499638 32.07499808 46.22499772 32.07499808 0 P 0
L 45.62499638 52.57499772 46.22499772 52.57499772 0 P 0
L 45.62499638 73.0749999 46.22499772 73.0749999 0 P 0
L 45.62499638 93.57499954 46.22499772 93.57499954 0 P 0
L 45.62500146 33.07499862 46.2250028 33.07499862 0 P 0
L 45.62500146 53.57499826 46.2250028 53.57499826 0 P 0
L 45.62500146 74.07500044 46.2250028 74.07500044 0 P 0
L 45.62500146 94.57500008 46.2250028 94.57500008 0 P 0
L 45.92499578 31.77499868 45.92499578 32.37499748 0 P 0
L 45.92499578 52.27499832 45.92499578 52.87499712 0 P 0
L 45.92499578 72.7750005 45.92499578 73.3749993 0 P 0
L 45.92499578 93.27500014 45.92499578 93.87499894 0 P 0
L 45.92500086 32.77499922 45.92500086 33.37499802 0 P 0
L 45.92500086 53.27499886 45.92500086 53.87499766 0 P 0
L 45.92500086 73.77500104 45.92500086 74.37499984 0 P 0
L 45.92500086 94.27500068 45.92500086 94.87499948 0 P 0
L 46.57499956 34.05000048 47.1750009 34.05000048 0 P 0
L 46.57499956 54.55000012 47.1750009 54.55000012 0 P 0
L 46.57499956 75.04999976 47.1750009 75.04999976 0 P 0
L 46.57499956 95.5499994 47.1750009 95.5499994 0 P 0
L 46.7250018 25.5499997 47.32500314 25.5499997 0 P 0
L 46.7250018 46.04999934 47.32500314 46.04999934 0 P 0
L 46.7250018 66.55000152 47.32500314 66.55000152 0 P 0
L 46.7250018 87.05000116 47.32500314 87.05000116 0 P 0
L 46.8250016 83.50000064 47.42500294 83.50000064 0 P 0
L 46.87499896 28.97499666 47.87499696 28.97499666 0 P 0
L 46.87499896 33.75000108 46.87499896 34.34999988 0 P 0
L 46.87499896 49.4749963 47.87499696 49.4749963 0 P 0
L 46.87499896 54.25000072 46.87499896 54.84999952 0 P 0
L 46.87499896 69.97499848 47.87499696 69.97499848 0 P 0
L 46.87499896 74.75000036 46.87499896 75.34999916 0 P 0
L 46.87499896 90.47499812 47.87499696 90.47499812 0 P 0
L 46.87499896 95.25 46.87499896 95.8499988 0 P 0
L 47.0250012 25.2500003 47.0250012 25.8499991 0 P 0
L 47.0250012 45.74999994 47.0250012 46.34999874 0 P 0
L 47.0250012 66.25000212 47.0250012 66.85000092 0 P 0
L 47.0250012 86.75000176 47.0250012 87.35000056 0 P 0
L 47.125001 83.20000124 47.125001 83.80000004 0 P 0
L 47.37499796 28.47499766 47.37499796 29.47499566 0 P 0
L 47.37499796 48.9749973 47.37499796 49.9749953 0 P 0
L 47.37499796 69.47499948 47.37499796 70.47499748 0 P 0
L 47.37499796 89.97499912 47.37499796 90.97499712 0 P 0
L 47.52499512 32.07499808 48.12499646 32.07499808 0 P 0
L 47.52499512 33.07499862 48.12499646 33.07499862 0 P 0
L 47.52499512 52.57499772 48.12499646 52.57499772 0 P 0
L 47.52499512 53.57499826 48.12499646 53.57499826 0 P 0
L 47.52499512 73.0749999 48.12499646 73.0749999 0 P 0
L 47.52499512 74.07500044 48.12499646 74.07500044 0 P 0
L 47.52499512 93.57499954 48.12499646 93.57499954 0 P 0
L 47.52499512 94.57500008 48.12499646 94.57500008 0 P 0
L 47.82499706 31.77499868 47.82499706 32.37499748 0 P 0
L 47.82499706 32.77499922 47.82499706 33.37499802 0 P 0
L 47.82499706 52.27499832 47.82499706 52.87499712 0 P 0
L 47.82499706 53.27499886 47.82499706 53.87499766 0 P 0
L 47.82499706 72.7750005 47.82499706 73.3749993 0 P 0
L 47.82499706 73.77500104 47.82499706 74.37499984 0 P 0
L 47.82499706 93.27500014 47.82499706 93.87499894 0 P 0
L 47.82499706 94.27500068 47.82499706 94.87499948 0 P 0
L 48.00000052 80.7500036 49.00000106 80.7500036 0 P 0
L 48.44999708 34.07499916 49.04999842 34.07499916 0 P 0
L 48.44999708 54.5749988 49.04999842 54.5749988 0 P 0
L 48.44999708 75.07500098 49.04999842 75.07500098 0 P 0
L 48.44999708 95.57500062 49.04999842 95.57500062 0 P 0
L 48.49999952 80.2500046 48.49999952 81.2500026 0 P 0
L 48.59999424 25.87499778 49.19999558 25.87499778 0 P 0
L 48.59999424 46.37499742 49.19999558 46.37499742 0 P 0
L 48.59999424 66.8749996 49.19999558 66.8749996 0 P 0
L 48.59999424 87.37499924 49.19999558 87.37499924 0 P 0
L 48.70000166 78.00000402 49.300003 78.00000402 0 P 0
L 48.70000166 83.50000318 49.300003 83.50000318 0 P 0
L 48.74999902 33.77499976 48.74999902 34.37499856 0 P 0
L 48.74999902 54.2749994 48.74999902 54.8749982 0 P 0
L 48.74999902 74.77500158 48.74999902 75.37500038 0 P 0
L 48.74999902 95.27500122 48.74999902 95.87500002 0 P 0
L 48.89999618 25.57499838 48.89999618 26.17499718 0 P 0
L 48.89999618 46.07499802 48.89999618 46.67499682 0 P 0
L 48.89999618 66.5750002 48.89999618 67.174999 0 P 0
L 48.89999618 87.07499984 48.89999618 87.67499864 0 P 0
L 49.00000106 77.70000462 49.00000106 78.30000342 0 P 0
L 49.00000106 83.20000378 49.00000106 83.80000258 0 P 0
L 50.8499999 28.49999888 51.45000124 28.49999888 0 P 0
L 50.8499999 29.39999708 51.45000124 29.39999708 0 P 0
L 50.8499999 48.99999852 51.45000124 48.99999852 0 P 0
L 50.8499999 49.89999672 51.45000124 49.89999672 0 P 0
L 50.8499999 69.5000007 51.45000124 69.5000007 0 P 0
L 50.8499999 70.3999989 51.45000124 70.3999989 0 P 0
L 50.8499999 90.00000034 51.45000124 90.00000034 0 P 0
L 50.8499999 90.89999854 51.45000124 90.89999854 0 P 0
L 51.1499993 28.19999948 51.1499993 28.79999828 0 P 0
L 51.1499993 29.09999768 51.1499993 29.69999648 0 P 0
L 51.1499993 48.69999912 51.1499993 49.29999792 0 P 0
L 51.1499993 49.59999732 51.1499993 50.19999612 0 P 0
L 51.1499993 69.2000013 51.1499993 69.8000001 0 P 0
L 51.1499993 70.0999995 51.1499993 70.6999983 0 P 0
L 51.1499993 89.70000094 51.1499993 90.29999974 0 P 0
L 51.1499993 90.59999914 51.1499993 91.19999794 0 P 0
L 57.21699758 41.5206434 58.21699558 41.5206434 0 P 0
L 57.60000418 94.82500466 58.20000552 94.82500466 0 P 0
L 57.71699658 41.0206444 57.71699658 42.0206424 0 P 0
L 57.90000358 94.52500526 57.90000358 95.12500406 0 P 0
L 58.35000268 85.97500458 58.95000402 85.97500458 0 P 0
L 58.65000208 85.67500518 58.65000208 86.27500398 0 P 0
L 59.12499732 69.47500202 60.12499786 69.47500202 0 P 0
L 59.30000078 72.7250006 60.29999878 72.7250006 0 P 0
L 59.62499886 68.97500048 59.62499886 69.97500102 0 P 0
L 59.79999978 72.22499906 59.79999978 73.2249996 0 P 0
L 59.79999978 90.40000462 60.80000032 90.40000462 0 P 0
L 60.29999878 89.90000308 60.29999878 90.90000362 0 P 0
L 60.325 85.95000336 60.92500134 85.95000336 0 P 0
L 60.6249994 85.65000396 60.6249994 86.25000276 0 P 0
L 61.32500054 24.72500008 61.92499934 24.72500008 0 P 0
L 61.62499994 24.42500068 61.62499994 25.02500202 0 P 0
L 61.69999852 94.82500212 62.29999986 94.82500212 0 P 0
L 61.97500178 74.17500024 62.97499978 74.17500024 0 P 0
L 62.00000046 94.52500272 62.00000046 95.12500152 0 P 0
L 62.24999742 71.29999964 63.24999796 71.29999964 0 P 0
L 62.24999996 69.47499948 63.14999816 69.47499948 0 P 0
L 62.29999986 85.97500458 62.9000012 85.97500458 0 P 0
L 62.47500078 73.67500124 62.47500078 74.67500178 0 P 0
L 62.6000018 85.67500518 62.6000018 86.27500398 0 P 0
L 62.69999906 69.02500038 62.69999906 69.92499858 0 P 0
L 62.74999896 70.7999981 62.74999896 71.79999864 0 P 0
L 63.67500092 73.3749993 64.27499972 73.3749993 0 P 0
L 63.97500032 73.0749999 63.97500032 73.67500124 0 P 0
L 64.2499985 85.95000082 64.84999984 85.95000082 0 P 0
L 64.47499932 75.12500088 65.47499986 75.12500088 0 P 0
L 64.50000054 71.47500056 65.09999934 71.47500056 0 P 0
L 64.55000044 85.65000142 64.55000044 86.25000022 0 P 0
L 64.57500674 89.65000104 65.57500728 89.65000104 0 P 0
L 64.67500146 73.3249994 65.27500026 73.3249994 0 P 0
L 64.79999994 71.17500116 64.79999994 71.7750025 0 P 0
L 64.97500086 73.025 64.97500086 73.62500134 0 P 0
L 64.97500086 74.62499934 64.97500086 75.62499988 0 P 0
L 65.07500828 89.1499995 65.07500828 90.15000004 0 P 0
L 65.84994958 71.3750033 66.44995092 71.3750033 0 P 0
L 65.9250015 72.54999968 66.92500204 72.54999968 0 P 0
L 66.12494776 73.77500358 66.7249491 73.77500358 0 P 0
L 66.14995152 71.0750039 66.14995152 71.6750027 0 P 0
L 66.30000202 70.12500072 67.20000022 70.12500072 0 P 0
L 66.4249497 73.47500418 66.4249497 74.07500298 0 P 0
L 66.4250005 72.05000068 66.4250005 73.05000122 0 P 0
L 66.75000112 69.67500162 66.75000112 70.57499982 0 P 0
L 67.62500064 72.84999908 68.22499944 72.84999908 0 P 0
L 67.64999932 71.37500076 68.25000066 71.37500076 0 P 0
L 67.75000166 76.57500052 68.35000046 76.57500052 0 P 0
L 67.92500004 72.54999968 67.92500004 73.15000102 0 P 0
L 67.95000126 71.07500136 67.95000126 71.67500016 0 P 0
L 68.05000106 76.27499858 68.05000106 76.87499992 0 P 0
L 68.0749972 74.24999882 68.67499854 74.24999882 0 P 0
L 68.37499914 73.94999942 68.37499914 74.54999822 0 P 0
L 68.42500158 85.725 69.02500038 85.725 0 P 0
L 68.6249961 94.64999866 69.22499744 94.64999866 0 P 0
L 68.64999986 76.57500052 69.24999866 76.57500052 0 P 0
L 68.72500098 85.42499806 68.72500098 86.0249994 0 P 0
L 68.92499804 94.34999926 68.92499804 94.94999806 0 P 0
L 68.94999926 76.27499858 68.94999926 76.87499992 0 P 0
L 69.37499968 85.725 69.97499848 85.725 0 P 0
L 69.52499938 90.399997 70.52499738 90.399997 0 P 0
L 69.60720902 76.57661088 70.20720782 76.57661088 0 P 0
L 69.67499908 85.4250006 69.67499908 86.02500194 0 P 0
L 69.90720842 76.27660894 69.90720842 76.87661028 0 P 0
L 70.02499838 89.89999546 70.02499838 90.899996 0 P 0
L 70.35000154 85.69999878 70.95000034 85.69999878 0 P 0
L 70.60720956 76.57661088 71.20720836 76.57661088 0 P 0
L 70.62499972 72.30000018 71.22499852 72.30000018 0 P 0
L 70.65000094 85.39999938 70.65000094 86.00000072 0 P 0
L 70.90720896 76.27660894 70.90720896 76.87661028 0 P 0
L 70.92499912 72.00000078 70.92499912 72.60000212 0 P 0
L 71.29999964 94.6500012 71.90000098 94.6500012 0 P 0
L 71.59999904 94.3500018 71.59999904 94.9500006 0 P 0
L 71.6072101 76.57661088 72.2072089 76.57661088 0 P 0
L 71.62500026 72.30000018 72.22499906 72.30000018 0 P 0
L 71.62500026 85.69999878 72.22499906 85.69999878 0 P 0
L 71.9072095 76.27660894 71.9072095 76.87661028 0 P 0
L 71.92499966 72.00000078 71.92499966 72.60000212 0 P 0
L 71.92499966 85.39999938 71.92499966 86.00000072 0 P 0
L 72.50999722 24.57499784 72.83999656 24.57499784 0 P 0
L 72.67499816 24.4099969 72.67499816 24.73999624 0 P 0
L 73.21799936 20.52164552 74.21799736 20.52164552 0 P 0
L 73.30999816 24.57499784 73.6399975 24.57499784 0 P 0
L 73.4749991 24.4099969 73.4749991 24.73999624 0 P 0
L 73.71799836 20.02164652 73.71799836 21.02164452 0 P 0
L 73.7680516 77.54999476 74.36805294 77.54999476 0 P 0
L 74.06805354 77.24999536 74.06805354 77.84999416 0 P 0
L 74.1099991 24.57499784 74.43999844 24.57499784 0 P 0
L 74.21000398 16.62500104 74.54000332 16.62500104 0 P 0
L 74.27500004 24.4099969 74.27500004 24.73999624 0 P 0
L 74.37500238 16.46000264 74.37500238 16.79000198 0 P 0
L 74.55500964 94.65003168 75.15501098 94.65003168 0 P 0
L 74.85501158 94.35003228 74.85501158 94.95003108 0 P 0
L 74.91000004 24.57499784 75.23999938 24.57499784 0 P 0
L 74.91000258 16.62500104 75.24000192 16.62500104 0 P 0
L 75.07500098 16.46000264 75.07500098 16.79000198 0 P 0
L 75.07500098 24.4099969 75.07500098 24.73999624 0 P 0
L 75.1249958 85.24999968 75.72499714 85.24999968 0 P 0
L 75.14999956 86.224999 75.7500009 86.224999 0 P 0
L 75.42499774 84.95000028 75.42499774 85.54999908 0 P 0
L 75.44999896 85.9249996 75.44999896 86.5249984 0 P 0
L 75.45501038 90.39999192 76.45500838 90.39999192 0 P 0
L 75.56805308 77.54999476 76.16805442 77.54999476 0 P 0
L 75.70999844 24.57499784 76.03999778 24.57499784 0 P 0
L 75.71000352 16.62500104 76.04000286 16.62500104 0 P 0
L 75.86805502 77.24999536 75.86805502 77.84999416 0 P 0
L 75.87499938 24.4099969 75.87499938 24.73999624 0 P 0
L 75.87500192 16.46000264 75.87500192 16.79000198 0 P 0
L 75.95500938 89.89999038 75.95500938 90.89999092 0 P 0
L 75.9930535 72.79999664 76.99305404 72.79999664 0 P 0
L 76.41000212 16.62500104 76.74000146 16.62500104 0 P 0
L 76.4930525 72.2999951 76.4930525 73.29999564 0 P 0
L 76.50999938 24.57499784 76.83999872 24.57499784 0 P 0
L 76.57500052 16.46000264 76.57500052 16.79000198 0 P 0
L 76.67500032 24.4099969 76.67500032 24.73999624 0 P 0
L 77.1300083 86.17503212 77.73000964 86.17503212 0 P 0
L 77.21000306 16.62500104 77.5400024 16.62500104 0 P 0
L 77.31000032 24.57499784 77.63999966 24.57499784 0 P 0
L 77.36805202 77.54999476 77.96805336 77.54999476 0 P 0
L 77.37500146 16.46000264 77.37500146 16.79000198 0 P 0
L 77.4300077 85.87503272 77.4300077 86.47503152 0 P 0
L 77.47500126 24.4099969 77.47500126 24.73999624 0 P 0
L 77.66805396 77.24999536 77.66805396 77.84999416 0 P 0
L 77.91000166 16.62500104 78.240001 16.62500104 0 P 0
L 78.07500006 16.46000264 78.07500006 16.79000198 0 P 0
L 78.10999872 24.57499784 78.43999806 24.57499784 0 P 0
L 78.27499966 24.4099969 78.27499966 24.73999624 0 P 0
L 78.7100026 16.62500104 79.04000194 16.62500104 0 P 0
L 78.875001 16.46000264 78.875001 16.79000198 0 P 0
L 78.90999966 24.57499784 79.239999 24.57499784 0 P 0
L 79.0750006 24.4099969 79.0750006 24.73999624 0 P 0
L 79.16805096 77.54999476 79.7680523 77.54999476 0 P 0
L 79.4100012 16.62500104 79.74000054 16.62500104 0 P 0
L 79.440532 90.17552196 80.3405302 90.17552196 0 P 0
L 79.4680529 77.24999536 79.4680529 77.84999416 0 P 0
L 79.5749996 16.46000264 79.5749996 16.79000198 0 P 0
L 79.70999806 24.57499784 80.0399974 24.57499784 0 P 0
L 79.874999 24.4099969 79.874999 24.73999624 0 P 0
L 79.8905311 89.72552286 79.8905311 90.62552106 0 P 0
L 80.6749974 86.9500039 81.27499874 86.9500039 0 P 0
L 80.9572041 74.79999772 81.5572029 74.79999772 0 P 0
L 80.97499934 86.6500045 80.97499934 87.2500033 0 P 0
L 81.12499904 93.90000524 81.72499784 93.90000524 0 P 0
L 81.2572035 74.49999832 81.2572035 75.09999966 0 P 0
L 81.42499844 93.6000033 81.42499844 94.20000464 0 P 0
L 81.4572031 72.14999794 82.05720444 72.14999794 0 P 0
L 81.4572031 73.29999818 82.05720444 73.29999818 0 P 0
L 81.4572031 76.2999998 82.05720444 76.2999998 0 P 0
L 81.4572031 77.2999978 82.05720444 77.2999978 0 P 0
L 81.4572031 78.29999834 82.05720444 78.29999834 0 P 0
L 81.54053034 90.17552196 82.54053088 90.17552196 0 P 0
L 81.69053258 88.17552342 82.59053078 88.17552342 0 P 0
L 81.69053258 92.17552304 82.59053078 92.17552304 0 P 0
L 81.75720504 71.84999854 81.75720504 72.44999734 0 P 0
L 81.75720504 72.99999878 81.75720504 73.59999758 0 P 0
L 81.75720504 76.0000004 81.75720504 76.5999992 0 P 0
L 81.75720504 76.9999984 81.75720504 77.5999972 0 P 0
L 81.75720504 77.99999894 81.75720504 78.59999774 0 P 0
L 82.04052934 89.67552296 82.04052934 90.6755235 0 P 0
L 82.14053168 87.72552432 82.14053168 88.62552252 0 P 0
L 82.14053168 91.72552394 82.14053168 92.62552214 0 P 0
L 82.37500162 74.30000126 82.97500296 74.30000126 0 P 0
L 82.37500162 75.29999926 82.97500296 75.29999926 0 P 0
L 82.67500102 74.00000186 82.67500102 74.60000066 0 P 0
L 82.67500102 74.99999986 82.67500102 75.59999866 0 P 0
L 82.99052998 86.02552264 83.59053132 86.02552264 0 P 0
L 82.99052998 86.97552328 83.59053132 86.97552328 0 P 0
L 83.29052938 86.67552388 83.29052938 87.27552268 0 P 0
L 83.29053192 85.72552324 83.29053192 86.32552204 0 P 0
L 83.6499978 73.10000112 84.24999914 73.10000112 0 P 0
L 83.6499978 77.77500066 84.24999914 77.77500066 0 P 0
L 83.67499902 90.45000452 84.27499782 90.45000452 0 P 0
L 83.94999974 72.80000172 83.94999974 73.40000052 0 P 0
L 83.94999974 77.47500126 83.94999974 78.07500006 0 P 0
L 83.97499842 90.15000512 83.97499842 90.75000646 0 P 0
L 84.30000412 79.57500468 84.90000546 79.57500468 0 P 0
L 84.60000352 79.27500528 84.60000352 79.87500408 0 P 0
L 85.69995052 86.30000266 86.59994872 86.30000266 0 P 0
L 86.14994962 85.85000356 86.14994962 86.75000176 0 P 0
L 86.17500164 79.5749996 86.77500298 79.5749996 0 P 0
L 86.47500104 79.2750002 86.47500104 79.874999 0 P 0
L 86.6050084 93.82503206 87.60500894 93.82503206 0 P 0
L 86.6249982 89.2499993 87.62499874 89.2499993 0 P 0
L 86.64499308 92.199968 87.54499128 92.199968 0 P 0
L 87.09499218 91.7499689 87.09499218 92.6499671 0 P 0
L 87.1050074 93.32503306 87.1050074 94.3250336 0 P 0
L 87.12499974 88.74999776 87.12499974 89.7499983 0 P 0
L 88.29999866 86.55000216 88.9 86.55000216 0 P 0
L 88.6000006 86.25000276 88.6000006 86.85000156 0 P 0
L 88.97499858 74.5000034 89.97499912 74.5000034 0 P 0
L 89.21699962 41.5206434 90.21699762 41.5206434 0 P 0
L 89.47500012 74.00000186 89.47500012 75.0000024 0 P 0
L 89.71699862 41.0206444 89.71699862 42.0206424 0 P 0
L 90.17500126 69.3000011 90.7750026 69.3000011 0 P 0
L 90.47500066 69.0000017 90.47500066 69.6000005 0 P 0
L 90.85000626 86.85000156 91.4500076 86.85000156 0 P 0
L 91.1500082 86.55000216 91.1500082 87.15000096 0 P 0
L 91.52500618 88.42499968 92.52500672 88.42499968 0 P 0
L 91.60000476 80.5249977 92.20000356 80.5249977 0 P 0
L 91.90000416 80.22499576 91.90000416 80.8249971 0 P 0
L 92.02500772 87.92500068 92.02500772 88.92499868 0 P 0
L 92.07501016 93.12500044 93.0750107 93.12500044 0 P 0
L 92.12501006 90.42500076 93.1250106 90.42500076 0 P 0
L 92.4249993 69.27499988 93.02500064 69.27499988 0 P 0
L 92.55000286 80.52500024 93.15000166 80.52500024 0 P 0
L 92.57500916 92.62500144 92.57500916 93.62499944 0 P 0
L 92.62500906 89.92500176 92.62500906 90.9250023 0 P 0
L 92.7000051 86.85000156 93.30000644 86.85000156 0 P 0
L 92.7249987 68.97500048 92.7249987 69.57499928 0 P 0
L 92.85000226 80.22500084 92.85000226 80.82500218 0 P 0
L 93.00000704 86.55000216 93.00000704 87.15000096 0 P 0
L 94.35000942 89.67499972 95.35000742 89.67499972 0 P 0
L 94.4500016 70.30000164 95.0500004 70.30000164 0 P 0
L 94.57500516 87.40000046 95.1750065 87.40000046 0 P 0
L 94.750001 69.9999997 94.750001 70.60000104 0 P 0
L 94.85000842 89.17500072 94.85000842 90.17500126 0 P 0
L 94.8750071 87.10000106 94.8750071 87.69999986 0 P 0
L 94.89509088 78.53605832 95.49509222 78.53605832 0 P 0
L 94.89999816 74.72500168 95.4999995 74.72500168 0 P 0
L 94.89999816 77.57499852 95.4999995 77.57499852 0 P 0
L 94.89999816 79.49999594 95.4999995 79.49999594 0 P 0
L 94.9000007 71.75000128 95.50000204 71.75000128 0 P 0
L 94.9000007 72.75000182 95.50000204 72.75000182 0 P 0
L 94.9000007 73.74999982 95.50000204 73.74999982 0 P 0
L 94.9000007 75.67499978 95.50000204 75.67499978 0 P 0
L 94.9000007 76.62499788 95.50000204 76.62499788 0 P 0
L 95.19509282 78.23605892 95.19509282 78.83605772 0 P 0
L 95.2000001 50.8 95.7999989 50.8 0 P 0
L 95.2000001 55.09999902 95.7999989 55.09999902 0 P 0
L 95.2000001 71.45000188 95.2000001 72.05000068 0 P 0
L 95.2000001 72.45000242 95.2000001 73.05000122 0 P 0
L 95.2000001 73.45000042 95.2000001 74.04999922 0 P 0
L 95.2000001 74.42500228 95.2000001 75.02500108 0 P 0
L 95.2000001 75.37500038 95.2000001 75.97499918 0 P 0
L 95.2000001 76.32499848 95.2000001 76.92499728 0 P 0
L 95.2000001 77.27499912 95.2000001 77.87499792 0 P 0
L 95.2000001 79.19999654 95.2000001 79.79999534 0 P 0
L 95.49999188 59.55000282 96.49999242 59.55000282 0 P 0
L 95.49999442 62.9000012 96.49999242 62.9000012 0 P 0
L 95.4999995 50.5000006 95.4999995 51.10000194 0 P 0
L 95.4999995 54.79999708 95.4999995 55.39999842 0 P 0
L 95.6999991 24.5000018 96.2999979 24.5000018 0 P 0
L 95.6999991 52.39999934 96.30000044 52.39999934 0 P 0
L 95.6999991 53.49999968 96.30000044 53.49999968 0 P 0
L 95.87500002 69.77500142 96.47500136 69.77500142 0 P 0
L 95.87500002 70.77499942 96.47500136 70.77499942 0 P 0
L 95.99999088 59.05000128 95.99999088 60.05000182 0 P 0
L 95.99999342 62.39999966 95.99999342 63.4000002 0 P 0
L 95.9999985 24.2000024 95.9999985 24.80000374 0 P 0
L 96.00000104 52.09999994 96.00000104 52.69999874 0 P 0
L 96.00000104 53.20000028 96.00000104 53.79999908 0 P 0
L 96.10000846 89.22500824 96.70000726 89.22500824 0 P 0
L 96.17500196 69.47500202 96.17500196 70.07500082 0 P 0
L 96.17500196 70.47500002 96.17500196 71.07499882 0 P 0
L 96.1999981 26.10000114 96.79999944 26.10000114 0 P 0
L 96.1999981 31.5000005 96.79999944 31.5000005 0 P 0
L 96.40000786 88.9250063 96.40000786 89.52500764 0 P 0
L 96.4999975 28.80000082 97.49999804 28.80000082 0 P 0
L 96.50000004 25.80000174 96.50000004 26.40000054 0 P 0
L 96.50000004 31.2000011 96.50000004 31.7999999 0 P 0
L 96.80000198 34.95000122 97.80000252 34.95000122 0 P 0
L 96.99999904 28.30000182 96.99999904 29.29999982 0 P 0
L 97.2500087 89.67500226 98.25000924 89.67500226 0 P 0
L 97.30000098 34.45000222 97.30000098 35.45000022 0 P 0
L 97.3750021 39.35000004 97.97500344 39.35000004 0 P 0
L 97.39999316 62.9000012 98.39999116 62.9000012 0 P 0
L 97.6750015 39.05000064 97.6750015 39.64999944 0 P 0
L 97.75001024 89.17500326 97.75001024 90.1750038 0 P 0
L 97.89999216 62.39999966 97.89999216 63.4000002 0 P 0
L 98.07499816 73.17500478 98.6749995 73.17500478 0 P 0
L 98.29999898 37.37500018 99.29999952 37.37500018 0 P 0
L 98.3750001 72.87500538 98.3750001 73.47500418 0 P 0
L 98.80000052 36.87500118 98.80000052 37.87500172 0 P 0
L 99.09999484 62.4500021 99.69999364 62.4500021 0 P 0
L 99.28999954 39.35000004 99.89000088 39.35000004 0 P 0
L 99.39999424 62.1500027 99.39999424 62.75000404 0 P 0
L 99.59000148 39.05000064 99.59000148 39.64999944 0 P 0
L 99.5999913 65.90000282 100.19999264 65.90000282 0 P 0
L 99.8999907 65.60000342 99.8999907 66.20000222 0 P 0
L 100.17499904 89.72499708 100.77500038 89.72499708 0 P 0
L 100.39999986 37.62499968 100.99999866 37.62499968 0 P 0
L 100.44999468 62.7500015 101.44999522 62.7500015 0 P 0
L 100.47500098 89.42499768 100.47500098 90.02499648 0 P 0
L 100.69999926 37.32499774 100.69999926 37.92499908 0 P 0
L 100.7000018 73.1749997 101.3000006 73.1749997 0 P 0
L 100.94999368 62.24999996 100.94999368 63.2500005 0 P 0
L 101.0000012 72.8750003 101.0000012 73.47500164 0 P 0
L 101.14999836 65.20000168 101.74999716 65.20000168 0 P 0
L 101.44999776 64.89999974 101.44999776 65.50000108 0 P 0
L 101.6050038 92.19999848 102.6050018 92.19999848 0 P 0
L 102.1050028 91.69999948 102.1050028 92.69999748 0 P 0
L 102.24999616 58.65000208 103.2499967 58.65000208 0 P 0
L 102.64999536 65.90000282 103.2499967 65.90000282 0 P 0
L 102.64999536 66.90000082 103.2499967 66.90000082 0 P 0
L 102.74999516 58.15000308 102.74999516 59.15000362 0 P 0
L 102.94999476 65.60000342 102.94999476 66.20000222 0 P 0
L 102.94999476 66.60000142 102.94999476 67.20000022 0 P 0
L 103.2499967 62.4500021 104.24999724 62.4500021 0 P 0
L 103.2499967 64.35000084 104.24999724 64.35000084 0 P 0
L 103.4250027 89.72499708 104.02500404 89.72499708 0 P 0
L 103.70000088 29.75000146 104.29999968 29.75000146 0 P 0
L 103.70000088 69.04999906 104.29999968 69.04999906 0 P 0
L 103.7250021 89.42499768 103.7250021 90.02499648 0 P 0
L 103.7499957 61.9500031 103.7499957 62.9500011 0 P 0
L 103.7499957 63.85000184 103.7499957 64.84999984 0 P 0
L 104.00000028 29.44999952 104.00000028 30.05000086 0 P 0
L 104.00000028 68.74999712 104.00000028 69.34999846 0 P 0
L 108.40000164 49.50000006 109.40000218 49.50000006 0 P 0
L 108.90000064 49.00000106 108.90000064 49.99999906 0 P 0
