UNITS=MM
#Layer_Color=32896
#
#Feature symbol names
#
$0 r99.9998

#
#Feature attribute names
#

#
#Layer features
#
L 8.92499866 94.59999622 9.525 94.59999622 0 P 0
L 9.22499806 94.29999682 9.22499806 94.89999562 0 P 0
L 9.5749999 89.90000562 10.17500124 89.90000562 0 P 0
L 9.82499686 92.24999838 10.8249974 92.24999838 0 P 0
L 9.8749993 89.60000622 9.8749993 90.20000502 0 P 0
L 10.32499586 91.74999938 10.32499586 92.74999992 0 P 0
L 11.97499764 92.94999952 12.57499644 92.94999952 0 P 0
L 12.27499704 92.64999758 12.27499704 93.24999892 0 P 0
L 18.82498902 28.27499552 19.42499036 28.27499552 0 P 0
L 18.82498902 48.77499516 19.42499036 48.77499516 0 P 0
L 18.82498902 69.27499734 19.42499036 69.27499734 0 P 0
L 18.82498902 89.77499698 19.42499036 89.77499698 0 P 0
L 19.12498842 27.97499612 19.12498842 28.57499492 0 P 0
L 19.12498842 48.47499576 19.12498842 49.07499456 0 P 0
L 19.12498842 68.97499794 19.12498842 69.57499674 0 P 0
L 19.12498842 89.47499758 19.12498842 90.07499638 0 P 0
L 21.199983 24.99999826 21.7999818 24.99999826 0 P 0
L 21.199983 45.4999979 21.7999818 45.4999979 0 P 0
L 21.199983 66.00000008 21.7999818 66.00000008 0 P 0
L 21.199983 86.49999972 21.7999818 86.49999972 0 P 0
L 21.4999824 24.69999632 21.4999824 25.29999766 0 P 0
L 21.4999824 45.19999596 21.4999824 45.7999973 0 P 0
L 21.4999824 65.69999814 21.4999824 66.29999948 0 P 0
L 21.4999824 86.19999778 21.4999824 86.79999912 0 P 0
L 21.49998494 27.32499996 22.49998294 27.32499996 0 P 0
L 21.49998494 47.8249996 22.49998294 47.8249996 0 P 0
L 21.49998494 68.32500178 22.49998294 68.32500178 0 P 0
L 21.49998494 88.82500142 22.49998294 88.82500142 0 P 0
L 21.99998394 26.82500096 21.99998394 27.8250015 0 P 0
L 21.99998394 47.3250006 21.99998394 48.32500114 0 P 0
L 21.99998394 67.82500278 21.99998394 68.82500332 0 P 0
L 21.99998394 88.32500242 21.99998394 89.32500296 0 P 0
L 22.09998374 24.99999826 22.69998254 24.99999826 0 P 0
L 22.09998374 45.4999979 22.69998254 45.4999979 0 P 0
L 22.09998374 66.00000008 22.69998254 66.00000008 0 P 0
L 22.09998374 86.49999972 22.69998254 86.49999972 0 P 0
L 22.39998314 24.69999632 22.39998314 25.29999766 0 P 0
L 22.39998314 45.19999596 22.39998314 45.7999973 0 P 0
L 22.39998314 65.69999814 22.39998314 66.29999948 0 P 0
L 22.39998314 86.19999778 22.39998314 86.79999912 0 P 0
L 25.20000802 28.27499552 25.80000936 28.27499552 0 P 0
L 25.20000802 48.77499516 25.80000936 48.77499516 0 P 0
L 25.20000802 69.27499734 25.80000936 69.27499734 0 P 0
L 25.20000802 89.77499698 25.80000936 89.77499698 0 P 0
L 25.50000742 27.97499612 25.50000742 28.57499492 0 P 0
L 25.50000742 48.47499576 25.50000742 49.07499456 0 P 0
L 25.50000742 68.97499794 25.50000742 69.57499674 0 P 0
L 25.50000742 89.47499758 25.50000742 90.07499638 0 P 0
L 27.575002 24.99999826 28.1750008 24.99999826 0 P 0
L 27.575002 45.4999979 28.1750008 45.4999979 0 P 0
L 27.575002 66.00000008 28.1750008 66.00000008 0 P 0
L 27.575002 86.49999972 28.1750008 86.49999972 0 P 0
L 27.8750014 24.69999632 27.8750014 25.29999766 0 P 0
L 27.8750014 45.19999596 27.8750014 45.7999973 0 P 0
L 27.8750014 65.69999814 27.8750014 66.29999948 0 P 0
L 27.8750014 86.19999778 27.8750014 86.79999912 0 P 0
L 27.87500394 27.32499996 28.87500194 27.32499996 0 P 0
L 27.87500394 47.8249996 28.87500194 47.8249996 0 P 0
L 27.87500394 68.32500178 28.87500194 68.32500178 0 P 0
L 27.87500394 88.82500142 28.87500194 88.82500142 0 P 0
L 28.27499806 33.0499974 28.8749994 33.0499974 0 P 0
L 28.27499806 53.54999704 28.8749994 53.54999704 0 P 0
L 28.27499806 74.04999922 28.8749994 74.04999922 0 P 0
L 28.27499806 94.54999886 28.8749994 94.54999886 0 P 0
L 28.37500294 26.82500096 28.37500294 27.8250015 0 P 0
L 28.37500294 47.3250006 28.37500294 48.32500114 0 P 0
L 28.37500294 67.82500278 28.37500294 68.82500332 0 P 0
L 28.37500294 88.32500242 28.37500294 89.32500296 0 P 0
L 28.47500274 24.99999826 29.07500154 24.99999826 0 P 0
L 28.47500274 45.4999979 29.07500154 45.4999979 0 P 0
L 28.47500274 66.00000008 29.07500154 66.00000008 0 P 0
L 28.47500274 86.49999972 29.07500154 86.49999972 0 P 0
L 28.575 32.749998 28.575 33.3499968 0 P 0
L 28.575 53.24999764 28.575 53.84999644 0 P 0
L 28.575 73.74999982 28.575 74.34999862 0 P 0
L 28.575 94.24999946 28.575 94.84999826 0 P 0
L 28.77500214 24.69999632 28.77500214 25.29999766 0 P 0
L 28.77500214 45.19999596 28.77500214 45.7999973 0 P 0
L 28.77500214 65.69999814 28.77500214 66.29999948 0 P 0
L 28.77500214 86.19999778 28.77500214 86.79999912 0 P 0
L 30.15000066 33.0499974 30.750002 33.0499974 0 P 0
L 30.15000066 53.54999704 30.750002 53.54999704 0 P 0
L 30.15000066 74.04999922 30.750002 74.04999922 0 P 0
L 30.15000066 94.54999886 30.750002 94.54999886 0 P 0
L 30.45000006 32.749998 30.45000006 33.3499968 0 P 0
L 30.45000006 53.24999764 30.45000006 53.84999644 0 P 0
L 30.45000006 73.74999982 30.45000006 74.34999862 0 P 0
L 30.45000006 94.24999946 30.45000006 94.84999826 0 P 0
L 32.77500176 19.6999987 33.77499976 19.6999987 0 P 0
L 32.77500176 40.19999834 33.77499976 40.19999834 0 P 0
L 32.77500176 60.70000052 33.77499976 60.70000052 0 P 0
L 32.77500176 81.20000016 33.77499976 81.20000016 0 P 0
L 32.97500136 22.1250002 33.57500016 22.1250002 0 P 0
L 32.97500136 42.62499984 33.57500016 42.62499984 0 P 0
L 32.97500136 63.12500202 33.57500016 63.12500202 0 P 0
L 32.97500136 83.62500166 33.57500016 83.62500166 0 P 0
L 33.27500076 19.19999716 33.27500076 20.1999977 0 P 0
L 33.27500076 21.8250008 33.27500076 22.42500214 0 P 0
L 33.27500076 39.6999968 33.27500076 40.69999734 0 P 0
L 33.27500076 42.32500044 33.27500076 42.92500178 0 P 0
L 33.27500076 60.19999898 33.27500076 61.19999952 0 P 0
L 33.27500076 62.82500262 33.27500076 63.42500396 0 P 0
L 33.27500076 80.69999862 33.27500076 81.69999916 0 P 0
L 33.27500076 83.32500226 33.27500076 83.9250036 0 P 0
L 33.92499946 22.1250002 34.52499826 22.1250002 0 P 0
L 33.92499946 42.62499984 34.52499826 42.62499984 0 P 0
L 33.92499946 63.12500202 34.52499826 63.12500202 0 P 0
L 33.92499946 83.62500166 34.52499826 83.62500166 0 P 0
L 34.22499886 21.8250008 34.22499886 22.42500214 0 P 0
L 34.22499886 42.32500044 34.22499886 42.92500178 0 P 0
L 34.22499886 62.82500262 34.22499886 63.42500396 0 P 0
L 34.22499886 83.32500226 34.22499886 83.9250036 0 P 0
L 35.0249998 17.04999892 35.62500114 17.04999892 0 P 0
L 35.0249998 37.54999856 35.62500114 37.54999856 0 P 0
L 35.0249998 58.05000074 35.62500114 58.05000074 0 P 0
L 35.0249998 78.55000038 35.62500114 78.55000038 0 P 0
L 35.3249992 16.74999952 35.3249992 17.34999832 0 P 0
L 35.3249992 37.24999916 35.3249992 37.84999796 0 P 0
L 35.3249992 57.75000134 35.3249992 58.35000014 0 P 0
L 35.3249992 78.25000098 35.3249992 78.84999978 0 P 0
L 37.00000474 26.87500848 37.60000608 26.87500848 0 P 0
L 37.00000474 47.37500812 37.60000608 47.37500812 0 P 0
L 37.00000474 67.8750103 37.60000608 67.8750103 0 P 0
L 37.00000474 88.37500994 37.60000608 88.37500994 0 P 0
L 37.27499784 21.29999804 37.87499918 21.29999804 0 P 0
L 37.27499784 41.79999768 37.87499918 41.79999768 0 P 0
L 37.27499784 62.29999986 37.87499918 62.29999986 0 P 0
L 37.27499784 82.7999995 37.87499918 82.7999995 0 P 0
L 37.30000414 26.57500908 37.30000414 27.17500788 0 P 0
L 37.30000414 47.07500872 37.30000414 47.67500752 0 P 0
L 37.30000414 67.5750109 37.30000414 68.1750097 0 P 0
L 37.30000414 88.07501054 37.30000414 88.67500934 0 P 0
L 37.45000384 28.32500812 38.05000264 28.32500812 0 P 0
L 37.45000384 48.82500776 38.05000264 48.82500776 0 P 0
L 37.45000384 69.32500994 38.05000264 69.32500994 0 P 0
L 37.45000384 89.82500958 38.05000264 89.82500958 0 P 0
L 37.57499724 20.99999864 37.57499724 21.59999744 0 P 0
L 37.57499724 41.49999828 37.57499724 42.09999708 0 P 0
L 37.57499724 62.00000046 37.57499724 62.59999926 0 P 0
L 37.57499724 82.5000001 37.57499724 83.0999989 0 P 0
L 37.75000324 28.02500618 37.75000324 28.62500752 0 P 0
L 37.75000324 48.52500582 37.75000324 49.12500716 0 P 0
L 37.75000324 69.025008 37.75000324 69.62500934 0 P 0
L 37.75000324 89.52500764 37.75000324 90.12500898 0 P 0
L 39.32499882 18.04999946 39.92500016 18.04999946 0 P 0
L 39.32499882 38.5499991 39.92500016 38.5499991 0 P 0
L 39.32499882 59.05000128 39.92500016 59.05000128 0 P 0
L 39.32499882 79.55000092 39.92500016 79.55000092 0 P 0
L 39.42500116 29.82500766 40.02499996 29.82500766 0 P 0
L 39.42500116 50.3250073 40.02499996 50.3250073 0 P 0
L 39.42500116 70.82500948 40.02499996 70.82500948 0 P 0
L 39.42500116 91.32500912 40.02499996 91.32500912 0 P 0
L 39.62500076 17.75000006 39.62500076 18.34999886 0 P 0
L 39.62500076 38.2499997 39.62500076 38.8499985 0 P 0
L 39.62500076 58.75000188 39.62500076 59.35000068 0 P 0
L 39.62500076 79.25000152 39.62500076 79.85000032 0 P 0
L 39.72500056 29.52500572 39.72500056 30.12500706 0 P 0
L 39.72500056 50.02500536 39.72500056 50.6250067 0 P 0
L 39.72500056 70.52500754 39.72500056 71.12500888 0 P 0
L 39.72500056 91.02500718 39.72500056 91.62500852 0 P 0
L 40.64999998 28.34999918 41.24999878 28.34999918 0 P 0
L 40.64999998 48.84999882 41.24999878 48.84999882 0 P 0
L 40.64999998 69.32499978 41.24999878 69.32499978 0 P 0
L 40.64999998 89.85000064 41.24999878 89.85000064 0 P 0
L 40.84999704 22.79999758 41.44999838 22.79999758 0 P 0
L 40.84999704 43.29999722 41.44999838 43.29999722 0 P 0
L 40.84999704 63.7999994 41.44999838 63.7999994 0 P 0
L 40.84999704 84.29999904 41.44999838 84.29999904 0 P 0
L 40.94999938 28.04999724 40.94999938 28.64999858 0 P 0
L 40.94999938 48.54999688 40.94999938 49.14999822 0 P 0
L 40.94999938 69.02499784 40.94999938 69.62499918 0 P 0
L 40.94999938 89.5499987 40.94999938 90.15000004 0 P 0
L 41.10000162 26.47499912 41.70000296 26.47499912 0 P 0
L 41.10000162 46.97499876 41.70000296 46.97499876 0 P 0
L 41.10000162 87.97500058 41.70000296 87.97500058 0 P 0
L 41.1250003 67.47500094 41.72500164 67.47500094 0 P 0
L 41.14999898 22.49999818 41.14999898 23.09999698 0 P 0
L 41.14999898 42.99999782 41.14999898 43.59999662 0 P 0
L 41.14999898 63.5 41.14999898 64.0999988 0 P 0
L 41.14999898 83.99999964 41.14999898 84.59999844 0 P 0
L 41.3249999 31.02499764 41.9249987 31.02499764 0 P 0
L 41.3249999 32.92499892 41.9249987 32.92499892 0 P 0
L 41.3249999 51.52499728 41.9249987 51.52499728 0 P 0
L 41.3249999 53.42499856 41.9249987 53.42499856 0 P 0
L 41.3249999 72.02499946 41.9249987 72.02499946 0 P 0
L 41.3249999 73.92500074 41.9249987 73.92500074 0 P 0
L 41.3249999 92.5249991 41.9249987 92.5249991 0 P 0
L 41.3249999 94.42500038 41.9249987 94.42500038 0 P 0
L 41.40000102 26.17499972 41.40000102 26.77499852 0 P 0
L 41.40000102 46.67499936 41.40000102 47.27499816 0 P 0
L 41.40000102 87.67500118 41.40000102 88.27499998 0 P 0
L 41.4249997 67.17500154 41.4249997 67.77500034 0 P 0
L 41.6249993 30.7249957 41.6249993 31.32499704 0 P 0
L 41.6249993 32.62499952 41.6249993 33.22500086 0 P 0
L 41.6249993 51.22499534 41.6249993 51.82499668 0 P 0
L 41.6249993 53.12499916 41.6249993 53.7250005 0 P 0
L 41.6249993 71.72499752 41.6249993 72.32499886 0 P 0
L 41.6249993 73.62500134 41.6249993 74.22500268 0 P 0
L 41.6249993 92.22499716 41.6249993 92.8249985 0 P 0
L 41.6249993 94.12500098 41.6249993 94.72500232 0 P 0
L 42.7249971 22.79999758 43.32499844 22.79999758 0 P 0
L 42.7249971 43.29999722 43.32499844 43.29999722 0 P 0
L 42.7249971 63.7999994 43.32499844 63.7999994 0 P 0
L 42.7249971 84.29999904 43.32499844 84.29999904 0 P 0
L 42.72499964 26.399998 43.32499844 26.399998 0 P 0
L 42.72499964 46.89999764 43.32499844 46.89999764 0 P 0
L 42.72499964 67.39999982 43.32499844 67.39999982 0 P 0
L 42.72499964 87.89999946 43.32499844 87.89999946 0 P 0
L 42.75000086 28.27499806 43.34999966 28.27499806 0 P 0
L 42.75000086 48.7749977 43.34999966 48.7749977 0 P 0
L 42.75000086 69.27499988 43.34999966 69.27499988 0 P 0
L 42.75000086 89.77499952 43.34999966 89.77499952 0 P 0
L 42.77499954 30.12500198 43.37499834 30.12500198 0 P 0
L 42.77499954 50.62500162 43.37499834 50.62500162 0 P 0
L 42.77499954 71.1250038 43.37499834 71.1250038 0 P 0
L 42.77499954 91.62500344 43.37499834 91.62500344 0 P 0
L 43.02499904 22.49999818 43.02499904 23.09999698 0 P 0
L 43.02499904 26.09999606 43.02499904 26.6999974 0 P 0
L 43.02499904 42.99999782 43.02499904 43.59999662 0 P 0
L 43.02499904 46.5999957 43.02499904 47.19999704 0 P 0
L 43.02499904 63.5 43.02499904 64.0999988 0 P 0
L 43.02499904 67.09999788 43.02499904 67.69999922 0 P 0
L 43.02499904 83.99999964 43.02499904 84.59999844 0 P 0
L 43.02499904 87.59999752 43.02499904 88.19999886 0 P 0
L 43.05000026 27.97499866 43.05000026 28.575 0 P 0
L 43.05000026 48.4749983 43.05000026 49.07499964 0 P 0
L 43.05000026 68.97500048 43.05000026 69.57500182 0 P 0
L 43.05000026 89.47500012 43.05000026 90.07500146 0 P 0
L 43.07499894 29.82500258 43.07499894 30.42500392 0 P 0
L 43.07499894 50.32500222 43.07499894 50.92500356 0 P 0
L 43.07499894 70.8250044 43.07499894 71.42500574 0 P 0
L 43.07499894 91.32500404 43.07499894 91.92500538 0 P 0
L 43.72500018 28.24999938 44.32499898 28.24999938 0 P 0
L 43.72500018 30.12500198 44.32499898 30.12500198 0 P 0
L 43.72500018 48.74999902 44.32499898 48.74999902 0 P 0
L 43.72500018 50.62500162 44.32499898 50.62500162 0 P 0
L 43.72500018 69.2500012 44.32499898 69.2500012 0 P 0
L 43.72500018 71.1250038 44.32499898 71.1250038 0 P 0
L 43.72500018 89.75000084 44.32499898 89.75000084 0 P 0
L 43.72500018 91.62500344 44.32499898 91.62500344 0 P 0
L 44.02499958 27.94999744 44.02499958 28.54999878 0 P 0
L 44.02499958 29.82500004 44.02499958 30.42500138 0 P 0
L 44.02499958 48.44999708 44.02499958 49.04999842 0 P 0
L 44.02499958 50.32499968 44.02499958 50.92500102 0 P 0
L 44.02499958 68.94999926 44.02499958 69.5500006 0 P 0
L 44.02499958 70.82500186 44.02499958 71.4250032 0 P 0
L 44.02499958 89.4499989 44.02499958 90.05000024 0 P 0
L 44.02499958 91.3250015 44.02499958 91.92500284 0 P 0
L 47.5250002 13.32500002 48.124999 13.32500002 0 P 0
L 47.8249996 13.02499808 47.8249996 13.62499942 0 P 0
L 50.13057284 30.41627902 51.13057338 30.41627902 0 P 0
L 50.13057284 50.91627866 51.13057338 50.91627866 0 P 0
L 50.13057284 71.41628084 51.13057338 71.41628084 0 P 0
L 50.13057284 91.91628048 51.13057338 91.91628048 0 P 0
L 50.14999622 27.44999844 51.14999676 27.44999844 0 P 0
L 50.14999622 47.94999808 51.14999676 47.94999808 0 P 0
L 50.14999622 68.45000026 51.14999676 68.45000026 0 P 0
L 50.14999622 88.9499999 51.14999676 88.9499999 0 P 0
L 50.22500242 13.35000124 51.22500296 13.35000124 0 P 0
L 50.63057184 29.91628002 50.63057184 30.91627802 0 P 0
L 50.63057184 50.41627966 50.63057184 51.41627766 0 P 0
L 50.63057184 70.91628184 50.63057184 71.91627984 0 P 0
L 50.63057184 91.41628148 50.63057184 92.41627948 0 P 0
L 50.64999776 26.94999944 50.64999776 27.94999744 0 P 0
L 50.64999776 47.44999908 50.64999776 48.44999708 0 P 0
L 50.64999776 67.95000126 50.64999776 68.94999926 0 P 0
L 50.64999776 88.4500009 50.64999776 89.4499989 0 P 0
L 50.72500142 12.8499997 50.72500142 13.85000024 0 P 0
L 53.3750012 13.35000124 53.975 13.35000124 0 P 0
L 53.6750006 13.05000184 53.6750006 13.65000318 0 P 0
L 57.0000003 31.9999995 57.5999991 31.9999995 0 P 0
L 57.2999997 31.69999756 57.2999997 32.2999989 0 P 0
L 61.32500054 23.82499934 61.92499934 23.82499934 0 P 0
L 61.62499994 23.5249974 61.62499994 24.12499874 0 P 0
L 61.77499964 15.49999948 62.37500098 15.49999948 0 P 0
L 62.07499904 15.20000008 62.07499904 15.79999888 0 P 0
L 62.7000016 39.35000004 63.3000004 39.35000004 0 P 0
L 62.92499988 88.6500005 63.52499868 88.6500005 0 P 0
L 62.92500242 92.30000082 63.52500122 92.30000082 0 P 0
L 63.000001 39.05000064 63.000001 39.65000198 0 P 0
L 63.22499928 88.34999856 63.22499928 88.9499999 0 P 0
L 63.22500182 92.00000142 63.22500182 92.60000276 0 P 0
L 64.67500146 89.0999996 65.675002 89.0999996 0 P 0
L 64.67500146 91.85000426 65.675002 91.85000426 0 P 0
L 65.175003 88.6000006 65.175003 89.5999986 0 P 0
L 65.175003 91.35000526 65.175003 92.35000326 0 P 0
L 66.9000059 89.25000184 67.5000047 89.25000184 0 P 0
L 66.9000059 92.1000063 67.5000047 92.1000063 0 P 0
L 67.2000053 88.95000244 67.2000053 89.55000378 0 P 0
L 67.2000053 91.8000069 67.2000053 92.40000824 0 P 0
L 68.0749972 74.24999882 68.67499854 74.24999882 0 P 0
L 68.37499914 73.94999942 68.37499914 74.54999822 0 P 0
L 71.62500026 72.30000018 72.22499906 72.30000018 0 P 0
L 71.80000118 76.85000124 72.40000252 76.85000124 0 P 0
L 71.92499966 71.99999824 71.92499966 72.59999958 0 P 0
L 72.10000058 76.55000184 72.10000058 77.15000064 0 P 0
L 72.50999976 22.54999808 72.8399991 22.54999808 0 P 0
L 72.6750007 22.38499968 72.6750007 22.71499902 0 P 0
L 73.3100007 22.54999808 73.64000004 22.54999808 0 P 0
L 73.47500164 22.38499968 73.47500164 22.71499902 0 P 0
L 74.1099991 22.54999808 74.43999844 22.54999808 0 P 0
L 74.21000398 16.62499596 74.54000332 16.62499596 0 P 0
L 74.27500004 22.38499968 74.27500004 22.71499902 0 P 0
L 74.37500492 16.45999756 74.37500492 16.7899969 0 P 0
L 74.524997 28.90000062 75.1249958 28.90000062 0 P 0
L 74.8249964 28.60000122 74.8249964 29.20000256 0 P 0
L 74.91000004 22.54999808 75.23999938 22.54999808 0 P 0
L 74.91000512 16.62499596 75.24000446 16.62499596 0 P 0
L 75.07500098 22.38499968 75.07500098 22.71499902 0 P 0
L 75.07500606 16.45999756 75.07500606 16.7899969 0 P 0
L 75.70999844 22.54999808 76.03999778 22.54999808 0 P 0
L 75.71000098 16.62499596 76.04000032 16.62499596 0 P 0
L 75.87499938 22.38499968 75.87499938 22.71499902 0 P 0
L 75.87500192 16.45999756 75.87500192 16.7899969 0 P 0
L 76.40999958 16.62499596 76.73999892 16.62499596 0 P 0
L 76.50999938 22.54999808 76.83999872 22.54999808 0 P 0
L 76.57500052 16.45999756 76.57500052 16.7899969 0 P 0
L 76.67500032 22.38499968 76.67500032 22.71499902 0 P 0
L 77.21000052 16.62499596 77.53999986 16.62499596 0 P 0
L 77.2499979 28.90000062 78.24999844 28.90000062 0 P 0
L 77.31000032 22.54999808 77.63999966 22.54999808 0 P 0
L 77.37500146 16.45999756 77.37500146 16.7899969 0 P 0
L 77.47500126 22.38499968 77.47500126 22.71499902 0 P 0
L 77.74999944 28.40000162 77.74999944 29.40000216 0 P 0
L 77.90999912 16.62499596 78.23999846 16.62499596 0 P 0
L 78.07500006 16.45999756 78.07500006 16.7899969 0 P 0
L 78.10999872 22.54999808 78.43999806 22.54999808 0 P 0
L 78.27499966 22.38499968 78.27499966 22.71499902 0 P 0
L 78.71000006 16.62499596 79.0399994 16.62499596 0 P 0
L 78.875001 16.45999756 78.875001 16.7899969 0 P 0
L 78.90999966 22.54999808 79.239999 22.54999808 0 P 0
L 79.0750006 22.38499968 79.0750006 22.71499902 0 P 0
L 79.27499766 74.82499894 79.874999 74.82499894 0 P 0
L 79.27499766 75.87499938 79.874999 75.87499938 0 P 0
L 79.2750002 71.77499996 79.87500154 71.77499996 0 P 0
L 79.2750002 72.7750005 79.87500154 72.7750005 0 P 0
L 79.2750002 73.7749985 79.87500154 73.7749985 0 P 0
L 79.40999866 16.62499596 79.739998 16.62499596 0 P 0
L 79.57499706 74.52499954 79.57499706 75.12499834 0 P 0
L 79.57499706 75.57499998 79.57499706 76.17499878 0 P 0
L 79.5749996 16.45999756 79.5749996 16.7899969 0 P 0
L 79.5749996 71.47500056 79.5749996 72.07499936 0 P 0
L 79.5749996 72.4750011 79.5749996 73.0749999 0 P 0
L 79.5749996 73.4749991 79.5749996 74.0749979 0 P 0
L 79.7100006 22.54999808 80.03999994 22.54999808 0 P 0
L 79.87500154 22.38499968 79.87500154 22.71499902 0 P 0
L 80.39999922 28.90000062 80.99999802 28.90000062 0 P 0
L 80.69999862 28.60000122 80.69999862 29.20000256 0 P 0
L 82.62499604 73.32499686 83.62499658 73.32499686 0 P 0
L 82.62499858 76.27499604 83.62499912 76.27499604 0 P 0
L 83.12499758 72.82499786 83.12499758 73.82499586 0 P 0
L 83.12499758 75.77499704 83.12499758 76.77499504 0 P 0
L 84.79999804 35.40000032 85.39999938 35.40000032 0 P 0
L 84.79999804 36.50000066 85.39999938 36.50000066 0 P 0
L 85.09999998 35.10000092 85.09999998 35.69999972 0 P 0
L 85.09999998 36.20000126 85.09999998 36.80000006 0 P 0
L 85.20000232 71.82499986 85.80000112 71.82499986 0 P 0
L 85.50000172 71.52500046 85.50000172 72.1250018 0 P 0
L 85.6750001 74.24999882 86.27500144 74.24999882 0 P 0
L 85.6750001 75.24999936 86.27500144 75.24999936 0 P 0
L 85.9749995 73.94999942 85.9749995 74.54999822 0 P 0
L 85.9749995 74.94999996 85.9749995 75.54999876 0 P 0
L 86.42500114 70.97499902 87.02499994 70.97499902 0 P 0
L 86.72500054 70.67499962 86.72500054 71.27500096 0 P 0
L 87.42500168 70.97499902 88.02500048 70.97499902 0 P 0
L 87.42500168 78.02500016 88.02500048 78.02500016 0 P 0
L 87.72500108 70.67499962 87.72500108 71.27500096 0 P 0
L 87.72500108 77.72499822 87.72500108 78.32499956 0 P 0
L 88.92500122 70.97499902 89.52500002 70.97499902 0 P 0
L 89.22500062 70.67499962 89.22500062 71.27500096 0 P 0
L 89.92500176 78.04999884 90.52500056 78.04999884 0 P 0
L 90.02500156 70.97499902 90.62500036 70.97499902 0 P 0
L 90.22500116 77.7499969 90.22500116 78.34999824 0 P 0
L 90.32500096 70.67499962 90.32500096 71.27500096 0 P 0
L 90.92499976 78.04999884 91.52499856 78.04999884 0 P 0
L 91.0250021 70.97499902 91.6250009 70.97499902 0 P 0
L 91.22499916 77.7499969 91.22499916 78.34999824 0 P 0
L 91.3250015 70.67499962 91.3250015 71.27500096 0 P 0
L 91.9250003 78.04999884 92.5249991 78.04999884 0 P 0
L 92.2249997 77.7499969 92.2249997 78.34999824 0 P 0
L 92.69999748 72.25000028 93.29999882 72.25000028 0 P 0
L 92.99999942 71.95000088 92.99999942 72.54999968 0 P 0
L 94.87499694 73.72500114 95.47499828 73.72500114 0 P 0
L 94.87499694 74.67499924 95.47499828 74.67499924 0 P 0
L 95.17499888 73.42500174 95.17499888 74.02500054 0 P 0
L 95.17499888 74.37499984 95.17499888 74.97499864 0 P 0
L 95.72500032 91.59999968 96.32500166 91.59999968 0 P 0
L 96.02499972 91.30000028 96.02499972 91.89999908 0 P 0
L 97.40000078 83.60000044 97.99999958 83.60000044 0 P 0
L 97.70000018 83.30000104 97.70000018 83.90000238 0 P 0
L 97.8250012 41.6249993 98.42500254 41.6249993 0 P 0
L 97.89999216 58.69999944 98.49999096 58.69999944 0 P 0
L 97.89999216 62.9500011 98.49999096 62.9500011 0 P 0
L 97.94999714 32.32500012 98.54999848 32.32500012 0 P 0
L 98.1250006 41.3249999 98.1250006 41.9249987 0 P 0
L 98.19999156 58.40000004 98.19999156 59.00000138 0 P 0
L 98.19999156 62.64999916 98.19999156 63.2500005 0 P 0
L 98.24999908 32.02500072 98.24999908 32.62499952 0 P 0
L 99.14999982 66.8749996 99.74999862 66.8749996 0 P 0
L 99.44999922 66.57499766 99.44999922 67.174999 0 P 0
L 101.79999706 88.5000008 102.3999984 88.5000008 0 P 0
L 102.099999 88.2000014 102.099999 88.8000002 0 P 0
L 102.92500116 83.60000044 103.52499996 83.60000044 0 P 0
L 103.099997 76.90000114 103.69999834 76.90000114 0 P 0
L 103.22500056 83.30000104 103.22500056 83.90000238 0 P 0
L 103.39999894 76.60000174 103.39999894 77.20000054 0 P 0
L 114.2000002 17.99999956 114.80000154 17.99999956 0 P 0
L 114.4999996 17.70000016 114.4999996 18.29999896 0 P 0
