UNITS=MM
#Layer_Color=8388736
#
#Feature symbol names
#
$0 r49.9999
$1 r99.9998
$2 r254

#
#Feature attribute names
#

#
#Layer features
#
A 54.71699496 26.29564464 55.6169957 25.3956439 55.6169957 26.29564464 0 P 0 N
A 55.6169957 57.6456429 54.71699496 56.74564216 55.6169957 56.74564216 0 P 0 N
A 59.81699746 25.3956439 60.7169982 26.29564464 59.81699746 26.29564464 0 P 0 N
A 59.91731476 19.52065946 59.91731476 19.52065946 56.71731354 19.52065946 1 P 0 N
A 59.91731476 63.52065528 59.91731476 63.52065528 56.71731354 63.52065528 1 P 0 N
A 60.7169982 56.74564216 59.81699746 57.6456429 59.81699746 56.74564216 0 P 0 N
A 62.59299648 18.42164464 63.49299722 17.5216439 63.49299722 18.42164464 0 P 0 N
A 63.49299722 23.52164714 62.59299648 22.6216464 63.49299722 22.6216464 0 P 0 N
A 83.9429995 17.5216439 84.84300024 18.42164464 83.9429995 18.42164464 0 P 0 N
A 84.84300024 22.6216464 83.9429995 23.52164714 83.9429995 22.6216464 0 P 0 N
A 86.716997 26.29564464 87.61699774 25.3956439 87.61699774 26.29564464 0 P 0 N
A 87.61699774 57.6456429 86.716997 56.74564216 87.61699774 56.74564216 0 P 0 N
A 91.8169995 25.3956439 92.71700024 26.29564464 91.8169995 26.29564464 0 P 0 N
A 92.71700024 56.74564216 91.8169995 57.6456429 91.8169995 56.74564216 0 P 0 N
A 93.9173128 19.520662 93.9173128 19.520662 90.71731158 19.520662 1 P 0 N
A 93.91731534 63.52065528 93.91731534 63.52065528 90.71731412 63.52065528 1 P 0 N
L -0.12499848 47.95000062 -0.12499848 51.5499985 0 P 0
L -0.12499848 47.95000062 1.70000168 47.95000062 0 P 0
L -0.12499848 51.5499985 1.70000168 51.5499985 0 P 0
L 0.01599946 93.1800016 0.01599946 96.1200008 0 P 0
L 0.01599946 93.1800016 8.08999906 93.1800016 0 P 0
L 0.01599946 96.1200008 8.08999906 96.1200008 0 P 0
L 0.07499858 12.4749941 0.07499858 22.07499522 2 P 0
L 0.07499858 12.4749941 13.57499952 12.4749941 2 P 0
L 0.07499858 22.07499522 13.57499952 22.07499522 2 P 0
L 0.07499858 34.12499398 0.07499858 43.7249951 2 P 0
L 0.07499858 34.12499398 13.57499952 34.12499398 2 P 0
L 0.07499858 43.7249951 13.57499952 43.7249951 2 P 0
L 0.07499858 55.77499386 0.07499858 65.37499498 2 P 0
L 0.07499858 55.77499386 13.57499952 55.77499386 2 P 0
L 0.07499858 65.37499498 13.57499952 65.37499498 2 P 0
L 0.07499858 77.42499374 0.07499858 87.02499486 2 P 0
L 0.07499858 77.42499374 13.57499952 77.42499374 2 P 0
L 0.07499858 87.02499486 13.57499952 87.02499486 2 P 0
L 1.70000168 47.95000062 1.70000168 51.5499985 0 P 0
L 1.72500036 48.82500014 1.72500036 50.67499898 0 P 0
L 1.72500036 48.82500014 2.675001 48.82500014 0 P 0
L 1.72500036 50.67499898 2.675001 50.67499898 0 P 0
L 2.675001 48.82500014 2.675001 50.67499898 0 P 0
L 8.08999906 93.1800016 8.08999906 96.1200008 0 P 0
L 13.57499952 12.4749941 13.57499952 22.07499522 2 P 0
L 13.57499952 34.12499398 13.57499952 43.7249951 2 P 0
L 13.57499952 55.77499386 13.57499952 65.37499498 2 P 0
L 13.57499952 77.42499374 13.57499952 87.02499486 2 P 0
L 13.83130076 15.75260756 13.83130076 35.352609 0 P 0
L 13.83130076 15.75260756 44.23130092 15.75260756 0 P 0
L 13.83130076 35.352609 44.23130092 35.352609 0 P 0
L 13.83130076 36.2526072 13.83130076 55.85260864 0 P 0
L 13.83130076 36.2526072 44.23130092 36.2526072 0 P 0
L 13.83130076 55.85260864 44.23130092 55.85260864 0 P 0
L 13.83130076 56.75260938 13.83130076 76.35261082 0 P 0
L 13.83130076 56.75260938 44.23130092 56.75260938 0 P 0
L 13.83130076 76.35261082 44.23130092 76.35261082 0 P 0
L 13.83130076 77.25260902 13.83130076 96.85261046 0 P 0
L 13.83130076 77.25260902 44.23130092 77.25260902 0 P 0
L 13.83130076 96.85261046 44.23130092 96.85261046 0 P 0
L 15.05629958 17.0026076 15.05629958 34.10260896 0 P 0
L 15.05629958 17.0026076 43.0063021 17.0026076 0 P 0
L 15.05629958 34.10260896 43.0063021 34.10260896 0 P 0
L 15.05629958 37.50260724 15.05629958 54.6026086 0 P 0
L 15.05629958 37.50260724 43.0063021 37.50260724 0 P 0
L 15.05629958 54.6026086 43.0063021 54.6026086 0 P 0
L 15.05629958 58.00260942 15.05629958 75.10261078 0 P 0
L 15.05629958 58.00260942 43.0063021 58.00260942 0 P 0
L 15.05629958 75.10261078 43.0063021 75.10261078 0 P 0
L 15.05629958 78.50260906 15.05629958 95.60261042 0 P 0
L 15.05629958 78.50260906 43.0063021 78.50260906 0 P 0
L 15.05629958 95.60261042 43.0063021 95.60261042 0 P 0
L 15.29999226 80.2499919 15.29999226 91.44998982 0 P 0
L 15.29999226 80.2499919 23.8999903 80.2499919 0 P 0
L 15.29999226 91.44998982 23.8999903 91.44998982 0 P 0
L 15.29999734 29.97499974 15.29999734 32.97499882 0 P 0
L 15.29999734 29.97499974 16.79999688 29.97499974 0 P 0
L 15.29999734 32.97499882 16.79999688 32.97499882 0 P 0
L 15.29999734 50.47499938 15.29999734 53.47499846 0 P 0
L 15.29999734 50.47499938 16.79999688 50.47499938 0 P 0
L 15.29999734 53.47499846 16.79999688 53.47499846 0 P 0
L 15.29999734 70.97500156 15.29999734 73.97500064 0 P 0
L 15.29999734 70.97500156 16.79999688 70.97500156 0 P 0
L 15.29999734 73.97500064 16.79999688 73.97500064 0 P 0
L 15.29999734 91.4750012 15.29999734 94.47500028 0 P 0
L 15.29999734 91.4750012 16.79999688 91.4750012 0 P 0
L 15.29999734 94.47500028 16.79999688 94.47500028 0 P 0
L 15.29999988 18.77500182 15.29999988 29.97499974 0 P 0
L 15.29999988 18.77500182 23.89999792 18.77500182 0 P 0
L 15.29999988 29.97499974 23.89999792 29.97499974 0 P 0
L 15.29999988 39.27500146 15.29999988 50.47499938 0 P 0
L 15.29999988 39.27500146 23.89999792 39.27500146 0 P 0
L 15.29999988 50.47499938 23.89999792 50.47499938 0 P 0
L 15.29999988 59.74999988 15.29999988 70.9499978 0 P 0
L 15.29999988 59.74999988 23.89999792 59.74999988 0 P 0
L 15.29999988 70.9499978 23.89999792 70.9499978 0 P 0
L 16.79999688 29.97499974 16.79999688 32.97499882 0 P 0
L 16.79999688 50.47499938 16.79999688 53.47499846 0 P 0
L 16.79999688 70.97500156 16.79999688 73.97500064 0 P 0
L 16.79999688 91.4750012 16.79999688 94.47500028 0 P 0
L 16.79999942 29.97499974 16.79999942 32.97500136 0 P 0
L 16.79999942 29.97499974 18.29999896 29.97499974 0 P 0
L 16.79999942 32.97500136 18.29999896 32.97500136 0 P 0
L 16.79999942 50.47499938 16.79999942 53.475001 0 P 0
L 16.79999942 50.47499938 18.29999896 50.47499938 0 P 0
L 16.79999942 53.475001 18.29999896 53.475001 0 P 0
L 16.79999942 70.97500156 16.79999942 73.97500318 0 P 0
L 16.79999942 70.97500156 18.29999896 70.97500156 0 P 0
L 16.79999942 73.97500318 18.29999896 73.97500318 0 P 0
L 16.79999942 91.4750012 16.79999942 94.47500282 0 P 0
L 16.79999942 91.4750012 18.29999896 91.4750012 0 P 0
L 16.79999942 94.47500282 18.29999896 94.47500282 0 P 0
L 18.29999388 29.9749972 18.29999388 30.92499784 0 P 0
L 18.29999388 29.9749972 20.14999272 29.9749972 0 P 0
L 18.29999388 30.92499784 20.14999272 30.92499784 0 P 0
L 18.29999388 50.47499684 18.29999388 51.42499748 0 P 0
L 18.29999388 50.47499684 20.14999272 50.47499684 0 P 0
L 18.29999388 51.42499748 20.14999272 51.42499748 0 P 0
L 18.29999388 70.97499902 18.29999388 71.92499966 0 P 0
L 18.29999388 70.97499902 20.14999272 70.97499902 0 P 0
L 18.29999388 71.92499966 20.14999272 71.92499966 0 P 0
L 18.29999388 91.47499866 18.29999388 92.4249993 0 P 0
L 18.29999388 91.47499866 20.14999272 91.47499866 0 P 0
L 18.29999388 92.4249993 20.14999272 92.4249993 0 P 0
L 18.29999896 29.97499974 18.29999896 32.97500136 0 P 0
L 18.29999896 50.47499938 18.29999896 53.475001 0 P 0
L 18.29999896 70.97500156 18.29999896 73.97500318 0 P 0
L 18.29999896 91.4750012 18.29999896 94.47500282 0 P 0
L 18.3000015 31.12499744 18.3000015 32.62499698 0 P 0
L 18.3000015 31.12499744 21.30000058 31.12499744 0 P 0
L 18.3000015 32.62499698 21.30000058 32.62499698 0 P 0
L 18.3000015 51.62499708 18.3000015 53.12499662 0 P 0
L 18.3000015 51.62499708 21.30000058 51.62499708 0 P 0
L 18.3000015 53.12499662 21.30000058 53.12499662 0 P 0
L 18.3000015 72.12499926 18.3000015 73.6249988 0 P 0
L 18.3000015 72.12499926 21.30000058 72.12499926 0 P 0
L 18.3000015 73.6249988 21.30000058 73.6249988 0 P 0
L 18.3000015 92.6249989 18.3000015 94.12499844 0 P 0
L 18.3000015 92.6249989 21.30000058 92.6249989 0 P 0
L 18.3000015 94.12499844 21.30000058 94.12499844 0 P 0
L 20.14999272 29.9749972 20.14999272 30.92499784 0 P 0
L 20.14999272 29.9749972 20.14999272 30.92499784 0 P 0
L 20.14999272 29.9749972 21.99999156 29.9749972 0 P 0
L 20.14999272 30.92499784 21.99999156 30.92499784 0 P 0
L 20.14999272 50.47499684 20.14999272 51.42499748 0 P 0
L 20.14999272 50.47499684 20.14999272 51.42499748 0 P 0
L 20.14999272 50.47499684 21.99999156 50.47499684 0 P 0
L 20.14999272 51.42499748 21.99999156 51.42499748 0 P 0
L 20.14999272 70.97499902 20.14999272 71.92499966 0 P 0
L 20.14999272 70.97499902 20.14999272 71.92499966 0 P 0
L 20.14999272 70.97499902 21.99999156 70.97499902 0 P 0
L 20.14999272 71.92499966 21.99999156 71.92499966 0 P 0
L 20.14999272 91.47499866 20.14999272 92.4249993 0 P 0
L 20.14999272 91.47499866 20.14999272 92.4249993 0 P 0
L 20.14999272 91.47499866 21.99999156 91.47499866 0 P 0
L 20.14999272 92.4249993 21.99999156 92.4249993 0 P 0
L 21.30000058 30.92499784 21.30000058 32.82499912 0 P 0
L 21.30000058 30.92499784 24.89999846 30.92499784 0 P 0
L 21.30000058 31.12499744 21.30000058 32.62499698 0 P 0
L 21.30000058 32.82499912 24.89999846 32.82499912 0 P 0
L 21.30000058 51.42499748 21.30000058 53.32499876 0 P 0
L 21.30000058 51.42499748 24.89999846 51.42499748 0 P 0
L 21.30000058 51.62499708 21.30000058 53.12499662 0 P 0
L 21.30000058 53.32499876 24.89999846 53.32499876 0 P 0
L 21.30000058 71.92499966 21.30000058 73.82500094 0 P 0
L 21.30000058 71.92499966 24.89999846 71.92499966 0 P 0
L 21.30000058 72.12499926 21.30000058 73.6249988 0 P 0
L 21.30000058 73.82500094 24.89999846 73.82500094 0 P 0
L 21.30000058 92.4249993 21.30000058 94.32500058 0 P 0
L 21.30000058 92.4249993 24.89999846 92.4249993 0 P 0
L 21.30000058 92.6249989 21.30000058 94.12499844 0 P 0
L 21.30000058 94.32500058 24.89999846 94.32500058 0 P 0
L 21.99999156 29.9749972 21.99999156 30.92499784 0 P 0
L 21.99999156 50.47499684 21.99999156 51.42499748 0 P 0
L 21.99999156 70.97499902 21.99999156 71.92499966 0 P 0
L 21.99999156 91.47499866 21.99999156 92.4249993 0 P 0
L 21.9999941 29.97498958 21.9999941 30.92499022 0 P 0
L 21.9999941 29.97498958 23.84999294 29.97498958 0 P 0
L 21.9999941 30.92499022 23.84999294 30.92499022 0 P 0
L 21.9999941 50.47498922 21.9999941 51.42498986 0 P 0
L 21.9999941 50.47498922 23.84999294 50.47498922 0 P 0
L 21.9999941 51.42498986 23.84999294 51.42498986 0 P 0
L 21.9999941 70.9749914 21.9999941 71.92499204 0 P 0
L 21.9999941 70.9749914 23.84999294 70.9749914 0 P 0
L 21.9999941 71.92499204 23.84999294 71.92499204 0 P 0
L 21.9999941 91.47499104 21.9999941 92.42499168 0 P 0
L 21.9999941 91.47499104 23.84999294 91.47499104 0 P 0
L 21.9999941 92.42499168 23.84999294 92.42499168 0 P 0
L 23.84999294 29.97498958 23.84999294 30.92499022 0 P 0
L 23.84999294 50.47498922 23.84999294 51.42498986 0 P 0
L 23.84999294 70.9749914 23.84999294 71.92499204 0 P 0
L 23.84999294 91.47499104 23.84999294 92.42499168 0 P 0
L 23.8999903 80.2499919 23.8999903 91.44998982 0 P 0
L 23.89999792 18.77500182 23.89999792 29.97499974 0 P 0
L 23.89999792 39.27500146 23.89999792 50.47499938 0 P 0
L 23.89999792 59.74999988 23.89999792 70.9499978 0 P 0
L 23.994999 18.7500006 23.994999 29.94999852 0 P 0
L 23.994999 18.7500006 32.59499704 18.7500006 0 P 0
L 23.994999 29.94999852 32.59499704 29.94999852 0 P 0
L 23.994999 39.25000024 23.994999 50.44999816 0 P 0
L 23.994999 39.25000024 32.59499704 39.25000024 0 P 0
L 23.994999 50.44999816 32.59499704 50.44999816 0 P 0
L 23.994999 59.75000242 23.994999 70.95000034 0 P 0
L 23.994999 59.75000242 32.59499704 59.75000242 0 P 0
L 23.994999 70.95000034 32.59499704 70.95000034 0 P 0
L 23.994999 80.25000206 23.994999 91.44999998 0 P 0
L 23.994999 80.25000206 32.59499704 80.25000206 0 P 0
L 23.994999 91.44999998 32.59499704 91.44999998 0 P 0
L 24.0000028 17.2500036 24.0000028 18.75000314 0 P 0
L 24.0000028 17.2500036 27.00000442 17.2500036 0 P 0
L 24.0000028 18.75000314 27.00000442 18.75000314 0 P 0
L 24.0000028 37.75000324 24.0000028 39.25000278 0 P 0
L 24.0000028 37.75000324 27.00000442 37.75000324 0 P 0
L 24.0000028 39.25000278 27.00000442 39.25000278 0 P 0
L 24.0000028 58.25000542 24.0000028 59.75000496 0 P 0
L 24.0000028 58.25000542 27.00000442 58.25000542 0 P 0
L 24.0000028 59.75000496 27.00000442 59.75000496 0 P 0
L 24.0000028 78.75000506 24.0000028 80.2500046 0 P 0
L 24.0000028 78.75000506 27.00000442 78.75000506 0 P 0
L 24.0000028 80.2500046 27.00000442 80.2500046 0 P 0
L 24.89999846 30.92499784 24.89999846 32.82499912 0 P 0
L 24.89999846 51.42499748 24.89999846 53.32499876 0 P 0
L 24.89999846 71.92499966 24.89999846 73.82500094 0 P 0
L 24.89999846 92.4249993 24.89999846 94.32500058 0 P 0
L 26.7999972 29.94999852 26.7999972 31.44999806 0 P 0
L 26.7999972 29.94999852 29.79999882 29.94999852 0 P 0
L 26.7999972 31.44999806 29.79999882 31.44999806 0 P 0
L 26.7999972 50.44999816 26.7999972 51.9499977 0 P 0
L 26.7999972 50.44999816 29.79999882 50.44999816 0 P 0
L 26.7999972 51.9499977 29.79999882 51.9499977 0 P 0
L 26.7999972 70.95000034 26.7999972 72.44999988 0 P 0
L 26.7999972 70.95000034 29.79999882 70.95000034 0 P 0
L 26.7999972 72.44999988 29.79999882 72.44999988 0 P 0
L 26.7999972 91.44999998 26.7999972 92.94999952 0 P 0
L 26.7999972 91.44999998 29.79999882 91.44999998 0 P 0
L 26.7999972 92.94999952 29.79999882 92.94999952 0 P 0
L 27.00000442 17.2500036 27.00000442 18.75000314 0 P 0
L 27.00000442 17.2500036 27.00000442 18.75000314 0 P 0
L 27.00000442 17.2500036 30.00000604 17.2500036 0 P 0
L 27.00000442 18.75000314 30.00000604 18.75000314 0 P 0
L 27.00000442 37.75000324 27.00000442 39.25000278 0 P 0
L 27.00000442 37.75000324 27.00000442 39.25000278 0 P 0
L 27.00000442 37.75000324 30.00000604 37.75000324 0 P 0
L 27.00000442 39.25000278 30.00000604 39.25000278 0 P 0
L 27.00000442 58.25000542 27.00000442 59.75000496 0 P 0
L 27.00000442 58.25000542 27.00000442 59.75000496 0 P 0
L 27.00000442 58.25000542 30.00000604 58.25000542 0 P 0
L 27.00000442 59.75000496 30.00000604 59.75000496 0 P 0
L 27.00000442 78.75000506 27.00000442 80.2500046 0 P 0
L 27.00000442 78.75000506 27.00000442 80.2500046 0 P 0
L 27.00000442 78.75000506 30.00000604 78.75000506 0 P 0
L 27.00000442 80.2500046 30.00000604 80.2500046 0 P 0
L 29.79999882 29.94999852 29.79999882 31.44999806 0 P 0
L 29.79999882 50.44999816 29.79999882 51.9499977 0 P 0
L 29.79999882 70.95000034 29.79999882 72.44999988 0 P 0
L 29.79999882 91.44999998 29.79999882 92.94999952 0 P 0
L 29.80000136 29.95000106 29.80000136 31.4500006 0 P 0
L 29.80000136 29.95000106 32.80000044 29.95000106 0 P 0
L 29.80000136 31.4500006 32.80000044 31.4500006 0 P 0
L 29.80000136 50.4500007 29.80000136 51.95000024 0 P 0
L 29.80000136 50.4500007 32.80000044 50.4500007 0 P 0
L 29.80000136 51.95000024 32.80000044 51.95000024 0 P 0
L 29.80000136 70.95000288 29.80000136 72.45000242 0 P 0
L 29.80000136 70.95000288 32.80000044 70.95000288 0 P 0
L 29.80000136 72.45000242 32.80000044 72.45000242 0 P 0
L 29.80000136 91.45000252 29.80000136 92.95000206 0 P 0
L 29.80000136 91.45000252 32.80000044 91.45000252 0 P 0
L 29.80000136 92.95000206 32.80000044 92.95000206 0 P 0
L 30.00000604 17.2500036 30.00000604 18.75000314 0 P 0
L 30.00000604 17.2500036 30.00000604 18.75000314 0 P 0
L 30.00000604 17.2500036 33.00000766 17.2500036 0 P 0
L 30.00000604 18.75000314 33.00000766 18.75000314 0 P 0
L 30.00000604 37.75000324 30.00000604 39.25000278 0 P 0
L 30.00000604 37.75000324 30.00000604 39.25000278 0 P 0
L 30.00000604 37.75000324 33.00000766 37.75000324 0 P 0
L 30.00000604 39.25000278 33.00000766 39.25000278 0 P 0
L 30.00000604 58.25000542 30.00000604 59.75000496 0 P 0
L 30.00000604 58.25000542 30.00000604 59.75000496 0 P 0
L 30.00000604 58.25000542 33.00000766 58.25000542 0 P 0
L 30.00000604 59.75000496 33.00000766 59.75000496 0 P 0
L 30.00000604 78.75000506 30.00000604 80.2500046 0 P 0
L 30.00000604 78.75000506 30.00000604 80.2500046 0 P 0
L 30.00000604 78.75000506 33.00000766 78.75000506 0 P 0
L 30.00000604 80.2500046 33.00000766 80.2500046 0 P 0
L 32.59499704 18.7500006 32.59499704 29.94999852 0 P 0
L 32.59499704 39.25000024 32.59499704 50.44999816 0 P 0
L 32.59499704 59.75000242 32.59499704 70.95000034 0 P 0
L 32.59499704 80.25000206 32.59499704 91.44999998 0 P 0
L 32.749998 23.97499904 32.749998 25.47499858 0 P 0
L 32.749998 23.97499904 35.74999962 23.97499904 0 P 0
L 32.749998 25.47499858 35.74999962 25.47499858 0 P 0
L 32.749998 44.47499868 32.749998 45.97499822 0 P 0
L 32.749998 44.47499868 35.74999962 44.47499868 0 P 0
L 32.749998 45.97499822 35.74999962 45.97499822 0 P 0
L 32.749998 64.97500086 32.749998 66.4750004 0 P 0
L 32.749998 64.97500086 35.74999962 64.97500086 0 P 0
L 32.749998 66.4750004 35.74999962 66.4750004 0 P 0
L 32.749998 85.4750005 32.749998 86.97500004 0 P 0
L 32.749998 85.4750005 35.74999962 85.4750005 0 P 0
L 32.749998 86.97500004 35.74999962 86.97500004 0 P 0
L 32.75000054 20.10000044 32.75000054 21.99999918 0 P 0
L 32.75000054 20.10000044 33.75000108 20.10000044 0 P 0
L 32.75000054 21.99999918 33.75000108 21.99999918 0 P 0
L 32.75000054 22.1250002 32.75000054 23.97499904 0 P 0
L 32.75000054 22.1250002 33.70000118 22.1250002 0 P 0
L 32.75000054 23.97499904 33.70000118 23.97499904 0 P 0
L 32.75000054 40.60000008 32.75000054 42.49999882 0 P 0
L 32.75000054 40.60000008 33.75000108 40.60000008 0 P 0
L 32.75000054 42.49999882 33.75000108 42.49999882 0 P 0
L 32.75000054 42.62499984 32.75000054 44.47499868 0 P 0
L 32.75000054 42.62499984 33.70000118 42.62499984 0 P 0
L 32.75000054 44.47499868 33.70000118 44.47499868 0 P 0
L 32.75000054 61.10000226 32.75000054 63.000001 0 P 0
L 32.75000054 61.10000226 33.75000108 61.10000226 0 P 0
L 32.75000054 63.000001 33.75000108 63.000001 0 P 0
L 32.75000054 63.12500202 32.75000054 64.97500086 0 P 0
L 32.75000054 63.12500202 33.70000118 63.12500202 0 P 0
L 32.75000054 64.97500086 33.70000118 64.97500086 0 P 0
L 32.75000054 81.6000019 32.75000054 83.50000064 0 P 0
L 32.75000054 81.6000019 33.75000108 81.6000019 0 P 0
L 32.75000054 83.50000064 33.75000108 83.50000064 0 P 0
L 32.75000054 83.62500166 32.75000054 85.4750005 0 P 0
L 32.75000054 83.62500166 33.70000118 83.62500166 0 P 0
L 32.75000054 85.4750005 33.70000118 85.4750005 0 P 0
L 32.80000044 29.95000106 32.80000044 31.4500006 0 P 0
L 32.80000044 50.4500007 32.80000044 51.95000024 0 P 0
L 32.80000044 70.95000288 32.80000044 72.45000242 0 P 0
L 32.80000044 91.45000252 32.80000044 92.95000206 0 P 0
L 33.00000766 17.2500036 33.00000766 18.75000314 0 P 0
L 33.00000766 37.75000324 33.00000766 39.25000278 0 P 0
L 33.00000766 58.25000542 33.00000766 59.75000496 0 P 0
L 33.00000766 78.75000506 33.00000766 80.2500046 0 P 0
L 33.6250026 25.57499584 33.6250026 28.57499746 0 P 0
L 33.6250026 25.57499584 35.12500214 25.57499584 0 P 0
L 33.6250026 28.57499746 35.12500214 28.57499746 0 P 0
L 33.6250026 28.57500508 33.6250026 31.57500416 0 P 0
L 33.6250026 28.57500508 35.12500214 28.57500508 0 P 0
L 33.6250026 31.57500416 35.12500214 31.57500416 0 P 0
L 33.6250026 46.07499548 33.6250026 49.0749971 0 P 0
L 33.6250026 46.07499548 35.12500214 46.07499548 0 P 0
L 33.6250026 49.0749971 35.12500214 49.0749971 0 P 0
L 33.6250026 49.07500472 33.6250026 52.0750038 0 P 0
L 33.6250026 49.07500472 35.12500214 49.07500472 0 P 0
L 33.6250026 52.0750038 35.12500214 52.0750038 0 P 0
L 33.6250026 66.57499766 33.6250026 69.57499928 0 P 0
L 33.6250026 66.57499766 35.12500214 66.57499766 0 P 0
L 33.6250026 69.57499928 35.12500214 69.57499928 0 P 0
L 33.6250026 69.5750069 33.6250026 72.57500598 0 P 0
L 33.6250026 69.5750069 35.12500214 69.5750069 0 P 0
L 33.6250026 72.57500598 35.12500214 72.57500598 0 P 0
L 33.6250026 87.0749973 33.6250026 90.07499892 0 P 0
L 33.6250026 87.0749973 35.12500214 87.0749973 0 P 0
L 33.6250026 90.07499892 35.12500214 90.07499892 0 P 0
L 33.6250026 90.07500654 33.6250026 93.07500562 0 P 0
L 33.6250026 90.07500654 35.12500214 90.07500654 0 P 0
L 33.6250026 93.07500562 35.12500214 93.07500562 0 P 0
L 33.70000118 22.1250002 33.70000118 23.97499904 0 P 0
L 33.70000118 42.62499984 33.70000118 44.47499868 0 P 0
L 33.70000118 63.12500202 33.70000118 64.97500086 0 P 0
L 33.70000118 83.62500166 33.70000118 85.4750005 0 P 0
L 33.75000108 18.27499774 33.75000108 22.4749995 0 P 0
L 33.75000108 18.27499774 37.2500017 18.27499774 0 P 0
L 33.75000108 20.10000044 33.75000108 21.99999918 0 P 0
L 33.75000108 22.4749995 37.2500017 22.4749995 0 P 0
L 33.75000108 38.77499738 33.75000108 42.97499914 0 P 0
L 33.75000108 38.77499738 37.2500017 38.77499738 0 P 0
L 33.75000108 40.60000008 33.75000108 42.49999882 0 P 0
L 33.75000108 42.97499914 37.2500017 42.97499914 0 P 0
L 33.75000108 59.27499956 33.75000108 63.47500132 0 P 0
L 33.75000108 59.27499956 37.2500017 59.27499956 0 P 0
L 33.75000108 61.10000226 33.75000108 63.000001 0 P 0
L 33.75000108 63.47500132 37.2500017 63.47500132 0 P 0
L 33.75000108 79.7749992 33.75000108 83.97500096 0 P 0
L 33.75000108 79.7749992 37.2500017 79.7749992 0 P 0
L 33.75000108 81.6000019 33.75000108 83.50000064 0 P 0
L 33.75000108 83.97500096 37.2500017 83.97500096 0 P 0
L 33.95000068 22.47500204 33.95000068 23.97500158 0 P 0
L 33.95000068 22.47500204 36.94999976 22.47500204 0 P 0
L 33.95000068 23.97500158 36.94999976 23.97500158 0 P 0
L 33.95000068 42.97500168 33.95000068 44.47500122 0 P 0
L 33.95000068 42.97500168 36.94999976 42.97500168 0 P 0
L 33.95000068 44.47500122 36.94999976 44.47500122 0 P 0
L 33.95000068 63.47500386 33.95000068 64.9750034 0 P 0
L 33.95000068 63.47500386 36.94999976 63.47500386 0 P 0
L 33.95000068 64.9750034 36.94999976 64.9750034 0 P 0
L 33.95000068 83.9750035 33.95000068 85.47500304 0 P 0
L 33.95000068 83.9750035 36.94999976 83.9750035 0 P 0
L 33.95000068 85.47500304 36.94999976 85.47500304 0 P 0
L 34.2250014 31.57500924 34.2250014 32.57500978 0 P 0
L 34.2250014 31.57500924 36.12500014 31.57500924 0 P 0
L 34.2250014 32.57500978 34.2250014 33.57501032 0 P 0
L 34.2250014 32.57500978 36.12500014 32.57500978 0 P 0
L 34.2250014 32.57500978 36.12500014 32.57500978 0 P 0
L 34.2250014 33.57501032 36.12500014 33.57501032 0 P 0
L 34.2250014 52.07500888 34.2250014 53.07500942 0 P 0
L 34.2250014 52.07500888 36.12500014 52.07500888 0 P 0
L 34.2250014 53.07500942 34.2250014 54.07500996 0 P 0
L 34.2250014 53.07500942 36.12500014 53.07500942 0 P 0
L 34.2250014 53.07500942 36.12500014 53.07500942 0 P 0
L 34.2250014 54.07500996 36.12500014 54.07500996 0 P 0
L 34.2250014 72.57501106 34.2250014 73.5750116 0 P 0
L 34.2250014 72.57501106 36.12500014 72.57501106 0 P 0
L 34.2250014 73.5750116 34.2250014 74.57501214 0 P 0
L 34.2250014 73.5750116 36.12500014 73.5750116 0 P 0
L 34.2250014 73.5750116 36.12500014 73.5750116 0 P 0
L 34.2250014 74.57501214 36.12500014 74.57501214 0 P 0
L 34.2250014 93.0750107 34.2250014 94.07501124 0 P 0
L 34.2250014 93.0750107 36.12500014 93.0750107 0 P 0
L 34.2250014 94.07501124 34.2250014 95.07501178 0 P 0
L 34.2250014 94.07501124 36.12500014 94.07501124 0 P 0
L 34.2250014 94.07501124 36.12500014 94.07501124 0 P 0
L 34.2250014 95.07501178 36.12500014 95.07501178 0 P 0
L 35.12500214 25.57499584 35.12500214 28.57499746 0 P 0
L 35.12500214 28.57500508 35.12500214 31.57500416 0 P 0
L 35.12500214 46.07499548 35.12500214 49.0749971 0 P 0
L 35.12500214 49.07500472 35.12500214 52.0750038 0 P 0
L 35.12500214 66.57499766 35.12500214 69.57499928 0 P 0
L 35.12500214 69.5750069 35.12500214 72.57500598 0 P 0
L 35.12500214 87.0749973 35.12500214 90.07499892 0 P 0
L 35.12500214 90.07500654 35.12500214 93.07500562 0 P 0
L 35.15000082 27.82500912 35.15000082 29.72500786 0 P 0
L 35.15000082 27.82500912 36.15000136 27.82500912 0 P 0
L 35.15000082 29.72500786 36.15000136 29.72500786 0 P 0
L 35.15000082 48.32500876 35.15000082 50.2250075 0 P 0
L 35.15000082 48.32500876 36.15000136 48.32500876 0 P 0
L 35.15000082 50.2250075 36.15000136 50.2250075 0 P 0
L 35.15000082 68.82501094 35.15000082 70.72500968 0 P 0
L 35.15000082 68.82501094 36.15000136 68.82501094 0 P 0
L 35.15000082 70.72500968 36.15000136 70.72500968 0 P 0
L 35.15000082 89.32501058 35.15000082 91.22500932 0 P 0
L 35.15000082 89.32501058 36.15000136 89.32501058 0 P 0
L 35.15000082 91.22500932 36.15000136 91.22500932 0 P 0
L 35.17499696 29.70000918 35.17499696 31.55000802 0 P 0
L 35.17499696 29.70000918 36.1249976 29.70000918 0 P 0
L 35.17499696 31.55000802 36.1249976 31.55000802 0 P 0
L 35.17499696 50.20000882 35.17499696 52.05000766 0 P 0
L 35.17499696 50.20000882 36.1249976 50.20000882 0 P 0
L 35.17499696 52.05000766 36.1249976 52.05000766 0 P 0
L 35.17499696 70.700011 35.17499696 72.55000984 0 P 0
L 35.17499696 70.700011 36.1249976 70.700011 0 P 0
L 35.17499696 72.55000984 36.1249976 72.55000984 0 P 0
L 35.17499696 91.20001064 35.17499696 93.05000948 0 P 0
L 35.17499696 91.20001064 36.1249976 91.20001064 0 P 0
L 35.17499696 93.05000948 36.1249976 93.05000948 0 P 0
L 35.40000032 25.97500774 35.40000032 27.82500658 0 P 0
L 35.40000032 25.97500774 36.35000096 25.97500774 0 P 0
L 35.40000032 27.82500658 36.35000096 27.82500658 0 P 0
L 35.40000032 46.47500738 35.40000032 48.32500622 0 P 0
L 35.40000032 46.47500738 36.35000096 46.47500738 0 P 0
L 35.40000032 48.32500622 36.35000096 48.32500622 0 P 0
L 35.40000032 66.97500956 35.40000032 68.8250084 0 P 0
L 35.40000032 66.97500956 36.35000096 66.97500956 0 P 0
L 35.40000032 68.8250084 36.35000096 68.8250084 0 P 0
L 35.40000032 87.4750092 35.40000032 89.32500804 0 P 0
L 35.40000032 87.4750092 36.35000096 87.4750092 0 P 0
L 35.40000032 89.32500804 36.35000096 89.32500804 0 P 0
L 35.74999962 23.97499904 35.74999962 25.47499858 0 P 0
L 35.74999962 23.97499904 35.74999962 25.82499788 0 P 0
L 35.74999962 23.97499904 36.70000026 23.97499904 0 P 0
L 35.74999962 25.82499788 36.70000026 25.82499788 0 P 0
L 35.74999962 44.47499868 35.74999962 45.97499822 0 P 0
L 35.74999962 44.47499868 35.74999962 46.32499752 0 P 0
L 35.74999962 44.47499868 36.70000026 44.47499868 0 P 0
L 35.74999962 46.32499752 36.70000026 46.32499752 0 P 0
L 35.74999962 64.97500086 35.74999962 66.4750004 0 P 0
L 35.74999962 64.97500086 35.74999962 66.8249997 0 P 0
L 35.74999962 64.97500086 36.70000026 64.97500086 0 P 0
L 35.74999962 66.8249997 36.70000026 66.8249997 0 P 0
L 35.74999962 85.4750005 35.74999962 86.97500004 0 P 0
L 35.74999962 85.4750005 35.74999962 87.32499934 0 P 0
L 35.74999962 85.4750005 36.70000026 85.4750005 0 P 0
L 35.74999962 87.32499934 36.70000026 87.32499934 0 P 0
L 35.94999922 17.25000106 35.94999922 18.2500016 0 P 0
L 35.94999922 17.25000106 37.84999796 17.25000106 0 P 0
L 35.94999922 18.2500016 37.84999796 18.2500016 0 P 0
L 35.94999922 37.7500007 35.94999922 38.75000124 0 P 0
L 35.94999922 37.7500007 37.84999796 37.7500007 0 P 0
L 35.94999922 38.75000124 37.84999796 38.75000124 0 P 0
L 35.94999922 58.25000288 35.94999922 59.25000342 0 P 0
L 35.94999922 58.25000288 37.84999796 58.25000288 0 P 0
L 35.94999922 59.25000342 37.84999796 59.25000342 0 P 0
L 35.94999922 78.75000252 35.94999922 79.75000306 0 P 0
L 35.94999922 78.75000252 37.84999796 78.75000252 0 P 0
L 35.94999922 79.75000306 37.84999796 79.75000306 0 P 0
L 36.1249976 29.70000918 36.1249976 31.55000802 0 P 0
L 36.1249976 50.20000882 36.1249976 52.05000766 0 P 0
L 36.1249976 70.700011 36.1249976 72.55000984 0 P 0
L 36.1249976 91.20001064 36.1249976 93.05000948 0 P 0
L 36.12500014 31.57500924 36.12500014 32.57500978 0 P 0
L 36.12500014 32.57500978 36.12500014 33.57501032 0 P 0
L 36.12500014 52.07500888 36.12500014 53.07500942 0 P 0
L 36.12500014 53.07500942 36.12500014 54.07500996 0 P 0
L 36.12500014 72.57501106 36.12500014 73.5750116 0 P 0
L 36.12500014 73.5750116 36.12500014 74.57501214 0 P 0
L 36.12500014 93.0750107 36.12500014 94.07501124 0 P 0
L 36.12500014 94.07501124 36.12500014 95.07501178 0 P 0
L 36.15000136 27.82500912 36.15000136 29.72500786 0 P 0
L 36.15000136 48.32500876 36.15000136 50.2250075 0 P 0
L 36.15000136 68.82501094 36.15000136 70.72500968 0 P 0
L 36.15000136 89.32501058 36.15000136 91.22500932 0 P 0
L 36.1749975 28.35000426 36.1749975 32.55000602 0 P 0
L 36.1749975 28.35000426 40.37499926 28.35000426 0 P 0
L 36.1749975 32.55000602 40.37499926 32.55000602 0 P 0
L 36.1749975 48.8500039 36.1749975 53.05000566 0 P 0
L 36.1749975 48.8500039 40.37499926 48.8500039 0 P 0
L 36.1749975 53.05000566 40.37499926 53.05000566 0 P 0
L 36.1749975 69.35000608 36.1749975 73.55000784 0 P 0
L 36.1749975 69.35000608 40.37499926 69.35000608 0 P 0
L 36.1749975 73.55000784 40.37499926 73.55000784 0 P 0
L 36.1749975 89.85000572 36.1749975 94.05000748 0 P 0
L 36.1749975 89.85000572 40.37499926 89.85000572 0 P 0
L 36.1749975 94.05000748 40.37499926 94.05000748 0 P 0
L 36.35000096 25.97500774 36.35000096 27.82500658 0 P 0
L 36.35000096 26.37500948 36.35000096 27.37501002 0 P 0
L 36.35000096 26.37500948 38.2499997 26.37500948 0 P 0
L 36.35000096 27.37501002 38.2499997 27.37501002 0 P 0
L 36.35000096 46.47500738 36.35000096 48.32500622 0 P 0
L 36.35000096 46.87500912 36.35000096 47.87500966 0 P 0
L 36.35000096 46.87500912 38.2499997 46.87500912 0 P 0
L 36.35000096 47.87500966 38.2499997 47.87500966 0 P 0
L 36.35000096 66.97500956 36.35000096 68.8250084 0 P 0
L 36.35000096 67.3750113 36.35000096 68.37501184 0 P 0
L 36.35000096 67.3750113 38.2499997 67.3750113 0 P 0
L 36.35000096 68.37501184 38.2499997 68.37501184 0 P 0
L 36.35000096 87.4750092 36.35000096 89.32500804 0 P 0
L 36.35000096 87.87501094 36.35000096 88.87501148 0 P 0
L 36.35000096 87.87501094 38.2499997 87.87501094 0 P 0
L 36.35000096 88.87501148 38.2499997 88.87501148 0 P 0
L 36.3500035 27.37500748 36.3500035 28.37500802 0 P 0
L 36.3500035 27.37500748 38.25000224 27.37500748 0 P 0
L 36.3500035 28.37500802 38.25000224 28.37500802 0 P 0
L 36.3500035 47.87500712 36.3500035 48.87500766 0 P 0
L 36.3500035 47.87500712 38.25000224 47.87500712 0 P 0
L 36.3500035 48.87500766 38.25000224 48.87500766 0 P 0
L 36.3500035 68.3750093 36.3500035 69.37500984 0 P 0
L 36.3500035 68.3750093 38.25000224 68.3750093 0 P 0
L 36.3500035 69.37500984 38.25000224 69.37500984 0 P 0
L 36.3500035 88.87500894 36.3500035 89.87500948 0 P 0
L 36.3500035 88.87500894 38.25000224 88.87500894 0 P 0
L 36.3500035 89.87500948 38.25000224 89.87500948 0 P 0
L 36.4500033 32.57500724 36.4500033 33.57500778 0 P 0
L 36.4500033 32.57500724 38.35000204 32.57500724 0 P 0
L 36.4500033 33.57500778 38.35000204 33.57500778 0 P 0
L 36.4500033 53.07500688 36.4500033 54.07500742 0 P 0
L 36.4500033 53.07500688 38.35000204 53.07500688 0 P 0
L 36.4500033 54.07500742 38.35000204 54.07500742 0 P 0
L 36.4500033 73.57500906 36.4500033 74.5750096 0 P 0
L 36.4500033 73.57500906 38.35000204 73.57500906 0 P 0
L 36.4500033 74.5750096 38.35000204 74.5750096 0 P 0
L 36.4500033 94.0750087 36.4500033 95.07500924 0 P 0
L 36.4500033 94.0750087 38.35000204 94.0750087 0 P 0
L 36.4500033 95.07500924 38.35000204 95.07500924 0 P 0
L 36.70000026 23.97499904 36.70000026 25.82499788 0 P 0
L 36.70000026 44.47499868 36.70000026 46.32499752 0 P 0
L 36.70000026 64.97500086 36.70000026 66.8249997 0 P 0
L 36.70000026 85.4750005 36.70000026 87.32499934 0 P 0
L 36.94999976 22.47500204 36.94999976 23.97500158 0 P 0
L 36.94999976 42.97500168 36.94999976 44.47500122 0 P 0
L 36.94999976 63.47500386 36.94999976 64.9750034 0 P 0
L 36.94999976 83.9750035 36.94999976 85.47500304 0 P 0
L 37.2500017 18.27499774 37.2500017 22.4749995 0 P 0
L 37.2500017 18.65000334 37.2500017 26.05000378 0 P 0
L 37.2500017 18.65000334 42.75000086 18.65000334 0 P 0
L 37.2500017 26.05000378 42.75000086 26.05000378 0 P 0
L 37.2500017 38.77499738 37.2500017 42.97499914 0 P 0
L 37.2500017 39.15000298 37.2500017 46.55000342 0 P 0
L 37.2500017 39.15000298 42.75000086 39.15000298 0 P 0
L 37.2500017 46.55000342 42.75000086 46.55000342 0 P 0
L 37.2500017 59.27499956 37.2500017 63.47500132 0 P 0
L 37.2500017 59.65000516 37.2500017 67.0500056 0 P 0
L 37.2500017 59.65000516 42.75000086 59.65000516 0 P 0
L 37.2500017 67.0500056 42.75000086 67.0500056 0 P 0
L 37.2500017 79.7749992 37.2500017 83.97500096 0 P 0
L 37.2500017 80.1500048 37.2500017 87.55000524 0 P 0
L 37.2500017 80.1500048 42.75000086 80.1500048 0 P 0
L 37.2500017 87.55000524 42.75000086 87.55000524 0 P 0
L 37.84999796 17.25000106 37.84999796 18.2500016 0 P 0
L 37.84999796 37.7500007 37.84999796 38.75000124 0 P 0
L 37.84999796 58.25000288 37.84999796 59.25000342 0 P 0
L 37.84999796 78.75000252 37.84999796 79.75000306 0 P 0
L 38.2499997 26.37500948 38.2499997 27.37501002 0 P 0
L 38.2499997 46.87500912 38.2499997 47.87500966 0 P 0
L 38.2499997 67.3750113 38.2499997 68.37501184 0 P 0
L 38.2499997 87.87501094 38.2499997 88.87501148 0 P 0
L 38.25000224 27.37500748 38.25000224 28.37500802 0 P 0
L 38.25000224 47.87500712 38.25000224 48.87500766 0 P 0
L 38.25000224 68.3750093 38.25000224 69.37500984 0 P 0
L 38.25000224 88.87500894 38.25000224 89.87500948 0 P 0
L 38.27500346 27.0500094 38.27500346 28.05000994 0 P 0
L 38.27500346 27.0500094 40.1750022 27.0500094 0 P 0
L 38.27500346 28.05000994 40.1750022 28.05000994 0 P 0
L 38.27500346 47.55000904 38.27500346 48.55000958 0 P 0
L 38.27500346 47.55000904 40.1750022 47.55000904 0 P 0
L 38.27500346 48.55000958 40.1750022 48.55000958 0 P 0
L 38.27500346 68.05001122 38.27500346 69.05001176 0 P 0
L 38.27500346 68.05001122 40.1750022 68.05001122 0 P 0
L 38.27500346 69.05001176 40.1750022 69.05001176 0 P 0
L 38.27500346 88.55001086 38.27500346 89.5500114 0 P 0
L 38.27500346 88.55001086 40.1750022 88.55001086 0 P 0
L 38.27500346 89.5500114 40.1750022 89.5500114 0 P 0
L 38.3499995 32.5999983 38.3499995 33.54999894 0 P 0
L 38.3499995 32.5999983 40.19999834 32.5999983 0 P 0
L 38.3499995 33.54999894 40.19999834 33.54999894 0 P 0
L 38.3499995 53.09999794 38.3499995 54.04999858 0 P 0
L 38.3499995 53.09999794 40.19999834 53.09999794 0 P 0
L 38.3499995 54.04999858 40.19999834 54.04999858 0 P 0
L 38.3499995 73.60000012 38.3499995 74.55000076 0 P 0
L 38.3499995 73.60000012 40.19999834 73.60000012 0 P 0
L 38.3499995 74.55000076 40.19999834 74.55000076 0 P 0
L 38.3499995 94.09999976 38.3499995 95.0500004 0 P 0
L 38.3499995 94.09999976 40.19999834 94.09999976 0 P 0
L 38.3499995 95.0500004 40.19999834 95.0500004 0 P 0
L 38.35000204 32.57500724 38.35000204 33.57500778 0 P 0
L 38.35000204 53.07500688 38.35000204 54.07500742 0 P 0
L 38.35000204 73.57500906 38.35000204 74.5750096 0 P 0
L 38.35000204 94.0750087 38.35000204 95.07500924 0 P 0
L 38.70000134 17.57499914 38.70000134 18.52499978 0 P 0
L 38.70000134 17.57499914 40.55000018 17.57499914 0 P 0
L 38.70000134 18.52499978 40.55000018 18.52499978 0 P 0
L 38.70000134 38.07499878 38.70000134 39.02499942 0 P 0
L 38.70000134 38.07499878 40.55000018 38.07499878 0 P 0
L 38.70000134 39.02499942 40.55000018 39.02499942 0 P 0
L 38.70000134 58.57500096 38.70000134 59.5250016 0 P 0
L 38.70000134 58.57500096 40.55000018 58.57500096 0 P 0
L 38.70000134 59.5250016 40.55000018 59.5250016 0 P 0
L 38.70000134 79.0750006 38.70000134 80.02500124 0 P 0
L 38.70000134 79.0750006 40.55000018 79.0750006 0 P 0
L 38.70000134 80.02500124 40.55000018 80.02500124 0 P 0
L 38.95000084 26.05000378 38.95000084 27.05000432 0 P 0
L 38.95000084 26.05000378 40.84999958 26.05000378 0 P 0
L 38.95000084 27.05000432 40.84999958 27.05000432 0 P 0
L 38.95000084 46.55000342 38.95000084 47.55000396 0 P 0
L 38.95000084 46.55000342 40.84999958 46.55000342 0 P 0
L 38.95000084 47.55000396 40.84999958 47.55000396 0 P 0
L 38.95000084 67.0500056 38.95000084 68.05000614 0 P 0
L 38.95000084 67.0500056 40.84999958 67.0500056 0 P 0
L 38.95000084 68.05000614 40.84999958 68.05000614 0 P 0
L 38.95000084 87.55000524 38.95000084 88.55000578 0 P 0
L 38.95000084 87.55000524 40.84999958 87.55000524 0 P 0
L 38.95000084 88.55000578 40.84999958 88.55000578 0 P 0
L 40.1750022 27.0500094 40.1750022 28.05000994 0 P 0
L 40.1750022 47.55000904 40.1750022 48.55000958 0 P 0
L 40.1750022 68.05001122 40.1750022 69.05001176 0 P 0
L 40.1750022 88.55001086 40.1750022 89.5500114 0 P 0
L 40.19999834 32.5999983 40.19999834 33.54999894 0 P 0
L 40.19999834 53.09999794 40.19999834 54.04999858 0 P 0
L 40.19999834 73.60000012 40.19999834 74.55000076 0 P 0
L 40.19999834 94.09999976 40.19999834 95.0500004 0 P 0
L 40.37499926 28.35000426 40.37499926 32.55000602 0 P 0
L 40.37499926 31.32499958 40.37499926 32.32500012 0 P 0
L 40.37499926 31.32499958 42.274998 31.32499958 0 P 0
L 40.37499926 32.32500012 42.274998 32.32500012 0 P 0
L 40.37499926 48.8500039 40.37499926 53.05000566 0 P 0
L 40.37499926 51.82499922 40.37499926 52.82499976 0 P 0
L 40.37499926 51.82499922 42.274998 51.82499922 0 P 0
L 40.37499926 52.82499976 42.274998 52.82499976 0 P 0
L 40.37499926 69.35000608 40.37499926 73.55000784 0 P 0
L 40.37499926 72.3250014 40.37499926 73.32500194 0 P 0
L 40.37499926 72.3250014 42.274998 72.3250014 0 P 0
L 40.37499926 73.32500194 42.274998 73.32500194 0 P 0
L 40.37499926 89.85000572 40.37499926 94.05000748 0 P 0
L 40.37499926 92.82500104 40.37499926 93.82500158 0 P 0
L 40.37499926 92.82500104 42.274998 92.82500104 0 P 0
L 40.37499926 93.82500158 42.274998 93.82500158 0 P 0
L 40.37500688 27.32500758 40.37500688 28.32500812 0 P 0
L 40.37500688 27.32500758 42.27500562 27.32500758 0 P 0
L 40.37500688 28.32500812 42.27500562 28.32500812 0 P 0
L 40.37500688 32.32500774 40.37500688 33.32500828 0 P 0
L 40.37500688 32.32500774 42.27500562 32.32500774 0 P 0
L 40.37500688 33.32500828 42.27500562 33.32500828 0 P 0
L 40.37500688 47.82500722 40.37500688 48.82500776 0 P 0
L 40.37500688 47.82500722 42.27500562 47.82500722 0 P 0
L 40.37500688 48.82500776 42.27500562 48.82500776 0 P 0
L 40.37500688 52.82500738 40.37500688 53.82500792 0 P 0
L 40.37500688 52.82500738 42.27500562 52.82500738 0 P 0
L 40.37500688 53.82500792 42.27500562 53.82500792 0 P 0
L 40.37500688 68.3250094 40.37500688 69.32500994 0 P 0
L 40.37500688 68.3250094 42.27500562 68.3250094 0 P 0
L 40.37500688 69.32500994 42.27500562 69.32500994 0 P 0
L 40.37500688 73.32500956 40.37500688 74.3250101 0 P 0
L 40.37500688 73.32500956 42.27500562 73.32500956 0 P 0
L 40.37500688 74.3250101 42.27500562 74.3250101 0 P 0
L 40.37500688 88.82500904 40.37500688 89.82500958 0 P 0
L 40.37500688 88.82500904 42.27500562 88.82500904 0 P 0
L 40.37500688 89.82500958 42.27500562 89.82500958 0 P 0
L 40.37500688 93.8250092 40.37500688 94.82500974 0 P 0
L 40.37500688 93.8250092 42.27500562 93.8250092 0 P 0
L 40.37500688 94.82500974 42.27500562 94.82500974 0 P 0
L 40.40000556 28.30000944 40.40000556 29.25001008 0 P 0
L 40.40000556 28.30000944 42.2500044 28.30000944 0 P 0
L 40.40000556 29.25001008 42.2500044 29.25001008 0 P 0
L 40.40000556 48.80000908 40.40000556 49.75000972 0 P 0
L 40.40000556 48.80000908 42.2500044 48.80000908 0 P 0
L 40.40000556 49.75000972 42.2500044 49.75000972 0 P 0
L 40.40000556 69.30001126 40.40000556 70.2500119 0 P 0
L 40.40000556 69.30001126 42.2500044 69.30001126 0 P 0
L 40.40000556 70.2500119 42.2500044 70.2500119 0 P 0
L 40.40000556 89.8000109 40.40000556 90.75001154 0 P 0
L 40.40000556 89.8000109 42.2500044 89.8000109 0 P 0
L 40.40000556 90.75001154 42.2500044 90.75001154 0 P 0
L 40.4250017 29.2249987 40.4250017 30.17499934 0 P 0
L 40.4250017 29.2249987 42.27500054 29.2249987 0 P 0
L 40.4250017 30.17499934 42.27500054 30.17499934 0 P 0
L 40.4250017 30.29999782 40.4250017 31.24999846 0 P 0
L 40.4250017 30.29999782 42.27500054 30.29999782 0 P 0
L 40.4250017 31.24999846 42.27500054 31.24999846 0 P 0
L 40.4250017 49.72499834 40.4250017 50.67499898 0 P 0
L 40.4250017 49.72499834 42.27500054 49.72499834 0 P 0
L 40.4250017 50.67499898 42.27500054 50.67499898 0 P 0
L 40.4250017 50.79999746 40.4250017 51.7499981 0 P 0
L 40.4250017 50.79999746 42.27500054 50.79999746 0 P 0
L 40.4250017 51.7499981 42.27500054 51.7499981 0 P 0
L 40.4250017 70.22500052 40.4250017 71.17500116 0 P 0
L 40.4250017 70.22500052 42.27500054 70.22500052 0 P 0
L 40.4250017 71.17500116 42.27500054 71.17500116 0 P 0
L 40.4250017 71.29999964 40.4250017 72.25000028 0 P 0
L 40.4250017 71.29999964 42.27500054 71.29999964 0 P 0
L 40.4250017 72.25000028 42.27500054 72.25000028 0 P 0
L 40.4250017 90.72500016 40.4250017 91.6750008 0 P 0
L 40.4250017 90.72500016 42.27500054 90.72500016 0 P 0
L 40.4250017 91.6750008 42.27500054 91.6750008 0 P 0
L 40.4250017 91.79999928 40.4250017 92.74999992 0 P 0
L 40.4250017 91.79999928 42.27500054 91.79999928 0 P 0
L 40.4250017 92.74999992 42.27500054 92.74999992 0 P 0
L 40.55000018 17.54999792 40.55000018 18.54999846 0 P 0
L 40.55000018 17.54999792 42.44999892 17.54999792 0 P 0
L 40.55000018 17.57499914 40.55000018 18.52499978 0 P 0
L 40.55000018 18.54999846 42.44999892 18.54999846 0 P 0
L 40.55000018 38.04999756 40.55000018 39.0499981 0 P 0
L 40.55000018 38.04999756 42.44999892 38.04999756 0 P 0
L 40.55000018 38.07499878 40.55000018 39.02499942 0 P 0
L 40.55000018 39.0499981 42.44999892 39.0499981 0 P 0
L 40.55000018 58.54999974 40.55000018 59.55000028 0 P 0
L 40.55000018 58.54999974 42.44999892 58.54999974 0 P 0
L 40.55000018 58.57500096 40.55000018 59.5250016 0 P 0
L 40.55000018 59.55000028 42.44999892 59.55000028 0 P 0
L 40.55000018 79.04999938 40.55000018 80.04999992 0 P 0
L 40.55000018 79.04999938 42.44999892 79.04999938 0 P 0
L 40.55000018 79.0750006 40.55000018 80.02500124 0 P 0
L 40.55000018 80.04999992 42.44999892 80.04999992 0 P 0
L 40.84999958 26.05000378 40.84999958 27.05000432 0 P 0
L 40.84999958 46.55000342 40.84999958 47.55000396 0 P 0
L 40.84999958 67.0500056 40.84999958 68.05000614 0 P 0
L 40.84999958 87.55000524 40.84999958 88.55000578 0 P 0
L 40.85000212 26.05000124 40.85000212 27.05000178 0 P 0
L 40.85000212 26.05000124 42.75000086 26.05000124 0 P 0
L 40.85000212 27.05000178 42.75000086 27.05000178 0 P 0
L 40.85000212 46.55000088 40.85000212 47.55000142 0 P 0
L 40.85000212 46.55000088 42.75000086 46.55000088 0 P 0
L 40.85000212 47.55000142 42.75000086 47.55000142 0 P 0
L 40.85000212 67.05000306 40.85000212 68.0500036 0 P 0
L 40.85000212 67.05000306 42.75000086 67.05000306 0 P 0
L 40.85000212 68.0500036 42.75000086 68.0500036 0 P 0
L 40.85000212 87.5500027 40.85000212 88.55000324 0 P 0
L 40.85000212 87.5500027 42.75000086 87.5500027 0 P 0
L 40.85000212 88.55000324 42.75000086 88.55000324 0 P 0
L 42.2500044 28.30000944 42.2500044 29.25001008 0 P 0
L 42.2500044 48.80000908 42.2500044 49.75000972 0 P 0
L 42.2500044 69.30001126 42.2500044 70.2500119 0 P 0
L 42.2500044 89.8000109 42.2500044 90.75001154 0 P 0
L 42.274998 31.32499958 42.274998 32.32500012 0 P 0
L 42.274998 51.82499922 42.274998 52.82499976 0 P 0
L 42.274998 72.3250014 42.274998 73.32500194 0 P 0
L 42.274998 92.82500104 42.274998 93.82500158 0 P 0
L 42.27500054 29.2249987 42.27500054 30.17499934 0 P 0
L 42.27500054 30.29999782 42.27500054 31.24999846 0 P 0
L 42.27500054 49.72499834 42.27500054 50.67499898 0 P 0
L 42.27500054 50.79999746 42.27500054 51.7499981 0 P 0
L 42.27500054 70.22500052 42.27500054 71.17500116 0 P 0
L 42.27500054 71.29999964 42.27500054 72.25000028 0 P 0
L 42.27500054 90.72500016 42.27500054 91.6750008 0 P 0
L 42.27500054 91.79999928 42.27500054 92.74999992 0 P 0
L 42.27500562 27.32500758 42.27500562 28.32500812 0 P 0
L 42.27500562 32.32500774 42.27500562 33.32500828 0 P 0
L 42.27500562 47.82500722 42.27500562 48.82500776 0 P 0
L 42.27500562 52.82500738 42.27500562 53.82500792 0 P 0
L 42.27500562 68.3250094 42.27500562 69.32500994 0 P 0
L 42.27500562 73.32500956 42.27500562 74.3250101 0 P 0
L 42.27500562 88.82500904 42.27500562 89.82500958 0 P 0
L 42.27500562 93.8250092 42.27500562 94.82500974 0 P 0
L 42.44999892 17.54999792 42.44999892 18.54999846 0 P 0
L 42.44999892 38.04999756 42.44999892 39.0499981 0 P 0
L 42.44999892 58.54999974 42.44999892 59.55000028 0 P 0
L 42.44999892 79.04999938 42.44999892 80.04999992 0 P 0
L 42.75000086 18.65000334 42.75000086 26.05000378 0 P 0
L 42.75000086 26.05000124 42.75000086 27.05000178 0 P 0
L 42.75000086 39.15000298 42.75000086 46.55000342 0 P 0
L 42.75000086 46.55000088 42.75000086 47.55000142 0 P 0
L 42.75000086 59.65000516 42.75000086 67.0500056 0 P 0
L 42.75000086 67.05000306 42.75000086 68.0500036 0 P 0
L 42.75000086 80.1500048 42.75000086 87.55000524 0 P 0
L 42.75000086 87.5500027 42.75000086 88.55000324 0 P 0
L 43.0063021 17.0026076 43.0063021 34.10260896 0 P 0
L 43.0063021 37.50260724 43.0063021 54.6026086 0 P 0
L 43.0063021 58.00260942 43.0063021 75.10261078 0 P 0
L 43.0063021 78.50260906 43.0063021 95.60261042 0 P 0
L 44.23130092 15.75260756 44.23130092 35.352609 0 P 0
L 44.23130092 36.2526072 44.23130092 55.85260864 0 P 0
L 44.23130092 56.75260938 44.23130092 76.35261082 0 P 0
L 44.23130092 77.25260902 44.23130092 96.85261046 0 P 0
L 44.77499808 26.37499678 44.77499808 31.57499654 0 P 0
L 44.77499808 26.37499678 49.97499784 26.37499678 0 P 0
L 44.77499808 31.57499654 49.97499784 31.57499654 0 P 0
L 44.77499808 46.87499642 44.77499808 52.07499618 0 P 0
L 44.77499808 46.87499642 49.97499784 46.87499642 0 P 0
L 44.77499808 52.07499618 49.97499784 52.07499618 0 P 0
L 44.77499808 67.3749986 44.77499808 72.57499836 0 P 0
L 44.77499808 67.3749986 49.97499784 67.3749986 0 P 0
L 44.77499808 72.57499836 49.97499784 72.57499836 0 P 0
L 44.77499808 87.87499824 44.77499808 93.074998 0 P 0
L 44.77499808 87.87499824 49.97499784 87.87499824 0 P 0
L 44.77499808 93.074998 49.97499784 93.074998 0 P 0
L 44.97499768 31.57499654 44.97499768 32.57499708 0 P 0
L 44.97499768 31.57499654 46.87499642 31.57499654 0 P 0
L 44.97499768 32.57499708 46.87499642 32.57499708 0 P 0
L 44.97499768 52.07499618 44.97499768 53.07499672 0 P 0
L 44.97499768 52.07499618 46.87499642 52.07499618 0 P 0
L 44.97499768 53.07499672 46.87499642 53.07499672 0 P 0
L 44.97499768 72.57499836 44.97499768 73.5749989 0 P 0
L 44.97499768 72.57499836 46.87499642 72.57499836 0 P 0
L 44.97499768 73.5749989 46.87499642 73.5749989 0 P 0
L 44.97499768 93.074998 44.97499768 94.07499854 0 P 0
L 44.97499768 93.074998 46.87499642 93.074998 0 P 0
L 44.97499768 94.07499854 46.87499642 94.07499854 0 P 0
L 44.97500276 32.57499708 44.97500276 33.57499762 0 P 0
L 44.97500276 32.57499708 46.8750015 32.57499708 0 P 0
L 44.97500276 33.57499762 46.8750015 33.57499762 0 P 0
L 44.97500276 53.07499672 44.97500276 54.07499726 0 P 0
L 44.97500276 53.07499672 46.8750015 53.07499672 0 P 0
L 44.97500276 54.07499726 46.8750015 54.07499726 0 P 0
L 44.97500276 73.5749989 44.97500276 74.57499944 0 P 0
L 44.97500276 73.5749989 46.8750015 73.5749989 0 P 0
L 44.97500276 74.57499944 46.8750015 74.57499944 0 P 0
L 44.97500276 94.07499854 44.97500276 95.07499908 0 P 0
L 44.97500276 94.07499854 46.8750015 94.07499854 0 P 0
L 44.97500276 95.07499908 46.8750015 95.07499908 0 P 0
L 45.94999954 33.57500016 45.94999954 34.5250008 0 P 0
L 45.94999954 33.57500016 47.79999838 33.57500016 0 P 0
L 45.94999954 34.5250008 47.79999838 34.5250008 0 P 0
L 45.94999954 54.0749998 45.94999954 55.02500044 0 P 0
L 45.94999954 54.0749998 47.79999838 54.0749998 0 P 0
L 45.94999954 55.02500044 47.79999838 55.02500044 0 P 0
L 45.94999954 74.57499944 45.94999954 75.52500008 0 P 0
L 45.94999954 74.57499944 47.79999838 74.57499944 0 P 0
L 45.94999954 75.52500008 47.79999838 75.52500008 0 P 0
L 45.94999954 95.07499908 45.94999954 96.02499972 0 P 0
L 45.94999954 95.07499908 47.79999838 95.07499908 0 P 0
L 45.94999954 96.02499972 47.79999838 96.02499972 0 P 0
L 46.10000178 25.07499938 46.10000178 26.02500002 0 P 0
L 46.10000178 25.07499938 47.95000062 25.07499938 0 P 0
L 46.10000178 26.02500002 47.95000062 26.02500002 0 P 0
L 46.10000178 45.57499902 46.10000178 46.52499966 0 P 0
L 46.10000178 45.57499902 47.95000062 45.57499902 0 P 0
L 46.10000178 46.52499966 47.95000062 46.52499966 0 P 0
L 46.10000178 66.0750012 46.10000178 67.02500184 0 P 0
L 46.10000178 66.0750012 47.95000062 66.0750012 0 P 0
L 46.10000178 67.02500184 47.95000062 67.02500184 0 P 0
L 46.10000178 86.57500084 46.10000178 87.52500148 0 P 0
L 46.10000178 86.57500084 47.95000062 86.57500084 0 P 0
L 46.10000178 87.52500148 47.95000062 87.52500148 0 P 0
L 46.20000158 83.02500032 46.20000158 83.97500096 0 P 0
L 46.20000158 83.02500032 48.05000042 83.02500032 0 P 0
L 46.20000158 83.97500096 48.05000042 83.97500096 0 P 0
L 46.75000048 78.65000272 46.75000048 82.85000448 0 P 0
L 46.75000048 78.65000272 50.2500011 78.65000272 0 P 0
L 46.75000048 82.85000448 50.2500011 82.85000448 0 P 0
L 46.87499642 31.57499654 46.87499642 32.57499708 0 P 0
L 46.87499642 31.57499908 46.87499642 32.57499962 0 P 0
L 46.87499642 31.57499908 48.77499516 31.57499908 0 P 0
L 46.87499642 32.57499962 46.87499642 33.57500016 0 P 0
L 46.87499642 32.57499962 48.77499516 32.57499962 0 P 0
L 46.87499642 32.57499962 48.77499516 32.57499962 0 P 0
L 46.87499642 33.57500016 48.77499516 33.57500016 0 P 0
L 46.87499642 52.07499618 46.87499642 53.07499672 0 P 0
L 46.87499642 52.07499872 46.87499642 53.07499926 0 P 0
L 46.87499642 52.07499872 48.77499516 52.07499872 0 P 0
L 46.87499642 53.07499926 46.87499642 54.0749998 0 P 0
L 46.87499642 53.07499926 48.77499516 53.07499926 0 P 0
L 46.87499642 53.07499926 48.77499516 53.07499926 0 P 0
L 46.87499642 54.0749998 48.77499516 54.0749998 0 P 0
L 46.87499642 72.57499836 46.87499642 73.5749989 0 P 0
L 46.87499642 72.5750009 46.87499642 73.57500144 0 P 0
L 46.87499642 72.5750009 48.77499516 72.5750009 0 P 0
L 46.87499642 73.57500144 46.87499642 74.57500198 0 P 0
L 46.87499642 73.57500144 48.77499516 73.57500144 0 P 0
L 46.87499642 73.57500144 48.77499516 73.57500144 0 P 0
L 46.87499642 74.57500198 48.77499516 74.57500198 0 P 0
L 46.87499642 93.074998 46.87499642 94.07499854 0 P 0
L 46.87499642 93.07500054 46.87499642 94.07500108 0 P 0
L 46.87499642 93.07500054 48.77499516 93.07500054 0 P 0
L 46.87499642 94.07500108 46.87499642 95.07500162 0 P 0
L 46.87499642 94.07500108 48.77499516 94.07500108 0 P 0
L 46.87499642 94.07500108 48.77499516 94.07500108 0 P 0
L 46.87499642 95.07500162 48.77499516 95.07500162 0 P 0
L 46.8750015 32.57499708 46.8750015 33.57499762 0 P 0
L 46.8750015 53.07499672 46.8750015 54.07499726 0 P 0
L 46.8750015 73.5749989 46.8750015 74.57499944 0 P 0
L 46.8750015 94.07499854 46.8750015 95.07499908 0 P 0
L 47.79999838 33.57500016 47.79999838 34.5250008 0 P 0
L 47.79999838 33.57500016 47.79999838 34.5750007 0 P 0
L 47.79999838 33.57500016 49.69999712 33.57500016 0 P 0
L 47.79999838 34.5750007 49.69999712 34.5750007 0 P 0
L 47.79999838 54.0749998 47.79999838 55.02500044 0 P 0
L 47.79999838 54.0749998 47.79999838 55.07500034 0 P 0
L 47.79999838 54.0749998 49.69999712 54.0749998 0 P 0
L 47.79999838 55.07500034 49.69999712 55.07500034 0 P 0
L 47.79999838 74.57499944 47.79999838 75.52500008 0 P 0
L 47.79999838 74.57500198 47.79999838 75.57500252 0 P 0
L 47.79999838 74.57500198 49.69999712 74.57500198 0 P 0
L 47.79999838 75.57500252 49.69999712 75.57500252 0 P 0
L 47.79999838 95.07499908 47.79999838 96.02499972 0 P 0
L 47.79999838 95.07500162 47.79999838 96.07500216 0 P 0
L 47.79999838 95.07500162 49.69999712 95.07500162 0 P 0
L 47.79999838 96.07500216 49.69999712 96.07500216 0 P 0
L 47.94999554 25.37499878 47.94999554 26.37499932 0 P 0
L 47.94999554 25.37499878 49.84999428 25.37499878 0 P 0
L 47.94999554 26.37499932 49.84999428 26.37499932 0 P 0
L 47.94999554 45.87499842 47.94999554 46.87499896 0 P 0
L 47.94999554 45.87499842 49.84999428 45.87499842 0 P 0
L 47.94999554 46.87499896 49.84999428 46.87499896 0 P 0
L 47.94999554 66.3750006 47.94999554 67.37500114 0 P 0
L 47.94999554 66.3750006 49.84999428 66.3750006 0 P 0
L 47.94999554 67.37500114 49.84999428 67.37500114 0 P 0
L 47.94999554 86.87500024 47.94999554 87.87500078 0 P 0
L 47.94999554 86.87500024 49.84999428 86.87500024 0 P 0
L 47.94999554 87.87500078 49.84999428 87.87500078 0 P 0
L 47.95000062 25.07499938 47.95000062 26.02500002 0 P 0
L 47.95000062 45.57499902 47.95000062 46.52499966 0 P 0
L 47.95000062 66.0750012 47.95000062 67.02500184 0 P 0
L 47.95000062 86.57500084 47.95000062 87.52500148 0 P 0
L 48.05000042 83.02500032 48.05000042 83.97500096 0 P 0
L 48.05000296 77.50000248 48.05000296 78.50000302 0 P 0
L 48.05000296 77.50000248 49.9500017 77.50000248 0 P 0
L 48.05000296 78.50000302 49.9500017 78.50000302 0 P 0
L 48.05000296 83.00000164 48.05000296 84.00000218 0 P 0
L 48.05000296 83.00000164 49.9500017 83.00000164 0 P 0
L 48.05000296 84.00000218 49.9500017 84.00000218 0 P 0
L 48.77499516 31.57499908 48.77499516 32.57499962 0 P 0
L 48.77499516 32.57499962 48.77499516 33.57500016 0 P 0
L 48.77499516 52.07499872 48.77499516 53.07499926 0 P 0
L 48.77499516 53.07499926 48.77499516 54.0749998 0 P 0
L 48.77499516 72.5750009 48.77499516 73.57500144 0 P 0
L 48.77499516 73.57500144 48.77499516 74.57500198 0 P 0
L 48.77499516 93.07500054 48.77499516 94.07500108 0 P 0
L 48.77499516 94.07500108 48.77499516 95.07500162 0 P 0
L 49.69999712 33.57500016 49.69999712 34.5750007 0 P 0
L 49.69999712 54.0749998 49.69999712 55.07500034 0 P 0
L 49.69999712 74.57500198 49.69999712 75.57500252 0 P 0
L 49.69999712 95.07500162 49.69999712 96.07500216 0 P 0
L 49.84999428 25.37499878 49.84999428 26.37499932 0 P 0
L 49.84999428 45.87499842 49.84999428 46.87499896 0 P 0
L 49.84999428 66.3750006 49.84999428 67.37500114 0 P 0
L 49.84999428 86.87500024 49.84999428 87.87500078 0 P 0
L 49.9500017 77.50000248 49.9500017 78.50000302 0 P 0
L 49.9500017 83.00000164 49.9500017 84.00000218 0 P 0
L 49.97499784 26.37499678 49.97499784 31.57499654 0 P 0
L 49.97499784 46.87499642 49.97499784 52.07499618 0 P 0
L 49.97499784 67.3749986 49.97499784 72.57499836 0 P 0
L 49.97499784 87.87499824 49.97499784 93.074998 0 P 0
L 50.22499988 28.02499856 50.22499988 28.9749992 0 P 0
L 50.22499988 28.02499856 52.07499872 28.02499856 0 P 0
L 50.22499988 28.92499676 50.22499988 29.8749974 0 P 0
L 50.22499988 28.92499676 52.07499872 28.92499676 0 P 0
L 50.22499988 28.9749992 52.07499872 28.9749992 0 P 0
L 50.22499988 29.8749974 52.07499872 29.8749974 0 P 0
L 50.22499988 48.5249982 50.22499988 49.47499884 0 P 0
L 50.22499988 48.5249982 52.07499872 48.5249982 0 P 0
L 50.22499988 49.4249964 50.22499988 50.37499704 0 P 0
L 50.22499988 49.4249964 52.07499872 49.4249964 0 P 0
L 50.22499988 49.47499884 52.07499872 49.47499884 0 P 0
L 50.22499988 50.37499704 52.07499872 50.37499704 0 P 0
L 50.22499988 69.02500038 50.22499988 69.97500102 0 P 0
L 50.22499988 69.02500038 52.07499872 69.02500038 0 P 0
L 50.22499988 69.92499858 50.22499988 70.87499922 0 P 0
L 50.22499988 69.92499858 52.07499872 69.92499858 0 P 0
L 50.22499988 69.97500102 52.07499872 69.97500102 0 P 0
L 50.22499988 70.87499922 52.07499872 70.87499922 0 P 0
L 50.22499988 89.52500002 50.22499988 90.47500066 0 P 0
L 50.22499988 89.52500002 52.07499872 89.52500002 0 P 0
L 50.22499988 90.42499822 50.22499988 91.37499886 0 P 0
L 50.22499988 90.42499822 52.07499872 90.42499822 0 P 0
L 50.22499988 90.47500066 52.07499872 90.47500066 0 P 0
L 50.22499988 91.37499886 52.07499872 91.37499886 0 P 0
L 50.2500011 78.65000272 50.2500011 82.85000448 0 P 0
L 52.07499872 28.02499856 52.07499872 28.9749992 0 P 0
L 52.07499872 28.92499676 52.07499872 29.8749974 0 P 0
L 52.07499872 48.5249982 52.07499872 49.47499884 0 P 0
L 52.07499872 49.4249964 52.07499872 50.37499704 0 P 0
L 52.07499872 69.02500038 52.07499872 69.97500102 0 P 0
L 52.07499872 69.92499858 52.07499872 70.87499922 0 P 0
L 52.07499872 89.52500002 52.07499872 90.47500066 0 P 0
L 52.07499872 90.42499822 52.07499872 91.37499886 0 P 0
L 54.7169975 26.29564464 54.7169975 56.74564216 0 P 0
L 55.6169957 25.3956439 59.81699746 25.3956439 0 P 0
L 55.6169957 57.6456429 59.81699746 57.6456429 0 P 0
L 56.97500416 94.35000434 56.97500416 95.30000498 0 P 0
L 56.97500416 94.35000434 58.825003 94.35000434 0 P 0
L 56.97500416 95.30000498 58.825003 95.30000498 0 P 0
L 57.4999993 86.52500348 57.4999993 94.27500322 0 P 0
L 57.4999993 86.52500348 63.1000008 86.52500348 0 P 0
L 57.4999993 94.27500322 63.1000008 94.27500322 0 P 0
L 57.72500266 85.50000426 57.72500266 86.4500049 0 P 0
L 57.72500266 85.50000426 59.5750015 85.50000426 0 P 0
L 57.72500266 86.4500049 59.5750015 86.4500049 0 P 0
L 58.12499678 68.72500098 58.12499678 70.22500052 0 P 0
L 58.12499678 68.72500098 61.1249984 68.72500098 0 P 0
L 58.12499678 70.22500052 61.1249984 70.22500052 0 P 0
L 58.15000054 70.42500012 58.15000054 75.02499854 0 P 0
L 58.15000054 70.42500012 61.44999902 70.42500012 0 P 0
L 58.15000054 75.02499854 61.44999902 75.02499854 0 P 0
L 58.825003 94.35000434 58.825003 95.30000498 0 P 0
L 59.5750015 85.50000426 59.5750015 86.4500049 0 P 0
L 59.6750013 85.45000182 59.6750013 86.45000236 0 P 0
L 59.6750013 85.45000182 61.57500004 85.45000182 0 P 0
L 59.6750013 86.45000236 61.57500004 86.45000236 0 P 0
L 60.71699566 26.29564464 60.71699566 56.74564216 0 P 0
L 61.07500104 94.3500018 61.07500104 95.30000244 0 P 0
L 61.07500104 94.3500018 62.92499988 94.3500018 0 P 0
L 61.07500104 95.30000244 62.92499988 95.30000244 0 P 0
L 61.1249984 68.72500098 61.1249984 70.22500052 0 P 0
L 61.14999962 23.80000066 61.14999962 25.6499995 0 P 0
L 61.14999962 23.80000066 62.10000026 23.80000066 0 P 0
L 61.14999962 25.6499995 62.10000026 25.6499995 0 P 0
L 61.19999952 68.72499844 61.19999952 70.22499798 0 P 0
L 61.19999952 68.72499844 64.1999986 68.72499844 0 P 0
L 61.19999952 70.22499798 64.1999986 70.22499798 0 P 0
L 61.44999902 70.42500012 61.44999902 75.02499854 0 P 0
L 61.5249976 70.2999991 61.5249976 72.29999764 0 P 0
L 61.5249976 70.2999991 63.97499778 70.2999991 0 P 0
L 61.5249976 72.29999764 63.97499778 72.29999764 0 P 0
L 61.52500014 72.3750013 61.52500014 75.97499918 0 P 0
L 61.52500014 72.3750013 63.42500142 72.3750013 0 P 0
L 61.52500014 75.97499918 63.42500142 75.97499918 0 P 0
L 61.57500004 85.45000182 61.57500004 86.45000236 0 P 0
L 61.67500238 85.50000426 61.67500238 86.4500049 0 P 0
L 61.67500238 85.50000426 63.52500122 85.50000426 0 P 0
L 61.67500238 86.4500049 63.52500122 86.4500049 0 P 0
L 62.10000026 23.80000066 62.10000026 25.6499995 0 P 0
L 62.59299902 18.42164464 62.59299902 22.6216464 0 P 0
L 62.92499988 94.3500018 62.92499988 95.30000244 0 P 0
L 63.1000008 86.52500348 63.1000008 94.27500322 0 P 0
L 63.3250067 86.52500094 63.3250067 92.77500114 0 P 0
L 63.3250067 86.52500094 66.82500732 86.52500094 0 P 0
L 63.3250067 92.77500114 66.82500732 92.77500114 0 P 0
L 63.42500142 72.3750013 63.42500142 75.97499918 0 P 0
L 63.47499878 74.37499984 63.47499878 75.87499938 0 P 0
L 63.47499878 74.37499984 66.4750004 74.37499984 0 P 0
L 63.47499878 75.87499938 66.4750004 75.87499938 0 P 0
L 63.47500132 72.4250012 63.47500132 74.32499994 0 P 0
L 63.47500132 72.4250012 64.47500186 72.4250012 0 P 0
L 63.47500132 74.32499994 64.47500186 74.32499994 0 P 0
L 63.49299722 17.52164644 83.9429995 17.52164644 0 P 0
L 63.49299722 23.5216446 83.9429995 23.5216446 0 P 0
L 63.52500122 85.50000426 63.52500122 86.4500049 0 P 0
L 63.5999998 85.45000182 63.5999998 86.45000236 0 P 0
L 63.5999998 85.45000182 65.49999854 85.45000182 0 P 0
L 63.5999998 86.45000236 65.49999854 86.45000236 0 P 0
L 63.97499778 70.2999991 63.97499778 72.29999764 0 P 0
L 64.1999986 68.72499844 64.1999986 70.22499798 0 P 0
L 64.32499962 70.55000114 64.32499962 72.39999998 0 P 0
L 64.32499962 70.55000114 65.27500026 70.55000114 0 P 0
L 64.32499962 72.39999998 65.27500026 72.39999998 0 P 0
L 64.47500186 72.4250012 64.47500186 74.32499994 0 P 0
L 64.50000054 72.39999998 64.50000054 74.24999882 0 P 0
L 64.50000054 72.39999998 65.45000118 72.39999998 0 P 0
L 64.50000054 74.24999882 65.45000118 74.24999882 0 P 0
L 65.2249521 70.90000298 65.2249521 71.85000362 0 P 0
L 65.2249521 70.90000298 67.07495094 70.90000298 0 P 0
L 65.2249521 71.85000362 67.07495094 71.85000362 0 P 0
L 65.25000158 69.37499968 65.25000158 70.87499922 0 P 0
L 65.25000158 69.37499968 68.25000066 69.37499968 0 P 0
L 65.25000158 70.87499922 68.25000066 70.87499922 0 P 0
L 65.27500026 70.55000114 65.27500026 72.39999998 0 P 0
L 65.45000118 72.39999998 65.45000118 74.24999882 0 P 0
L 65.47494906 73.27500458 65.47494906 74.27500512 0 P 0
L 65.47494906 73.27500458 67.3749478 73.27500458 0 P 0
L 65.47494906 74.27500512 67.3749478 74.27500512 0 P 0
L 65.49999854 85.45000182 65.49999854 86.45000236 0 P 0
L 65.62499956 71.95000088 65.62499956 73.14999848 0 P 0
L 65.62499956 71.95000088 67.22500144 71.95000088 0 P 0
L 65.62499956 73.14999848 67.22500144 73.14999848 0 P 0
L 66.4750004 74.37499984 66.4750004 75.87499938 0 P 0
L 66.82500732 86.52500094 66.82500732 92.77500114 0 P 0
L 67.02500184 70.90000044 67.02500184 71.85000108 0 P 0
L 67.02500184 70.90000044 68.87500068 70.90000044 0 P 0
L 67.02500184 71.85000108 68.87500068 71.85000108 0 P 0
L 67.07495094 70.90000298 67.07495094 71.85000362 0 P 0
L 67.22500144 71.95000088 67.22500144 73.14999848 0 P 0
L 67.2749988 86.69999678 67.2749988 94.09999722 0 P 0
L 67.2749988 86.69999678 72.77499796 86.69999678 0 P 0
L 67.2749988 94.09999722 72.77499796 94.09999722 0 P 0
L 67.3749478 73.27500458 67.3749478 74.27500512 0 P 0
L 67.42500104 71.90000098 67.42500104 73.79999972 0 P 0
L 67.42500104 71.90000098 68.42500158 71.90000098 0 P 0
L 67.42500104 73.79999972 68.42500158 73.79999972 0 P 0
L 67.44999972 73.7749985 67.44999972 74.72499914 0 P 0
L 67.44999972 73.7749985 69.29999856 73.7749985 0 P 0
L 67.44999972 74.72499914 69.29999856 74.72499914 0 P 0
L 67.57500074 75.6500011 67.57500074 77.49999994 0 P 0
L 67.57500074 75.6500011 68.52500138 75.6500011 0 P 0
L 67.57500074 77.49999994 68.52500138 77.49999994 0 P 0
L 67.9749974 94.14999966 67.9749974 95.1500002 0 P 0
L 67.9749974 94.14999966 69.87499614 94.14999966 0 P 0
L 67.9749974 95.1500002 69.87499614 95.1500002 0 P 0
L 68.25000066 69.37499968 68.25000066 70.87499922 0 P 0
L 68.25000066 84.80000058 68.25000066 86.64999942 0 P 0
L 68.25000066 84.80000058 69.2000013 84.80000058 0 P 0
L 68.25000066 86.64999942 69.2000013 86.64999942 0 P 0
L 68.42500158 71.90000098 68.42500158 73.79999972 0 P 0
L 68.47499894 75.6500011 68.47499894 77.49999994 0 P 0
L 68.47499894 75.6500011 69.42499958 75.6500011 0 P 0
L 68.47499894 77.49999994 69.42499958 77.49999994 0 P 0
L 68.52500138 75.6500011 68.52500138 77.49999994 0 P 0
L 68.87500068 70.90000044 68.87500068 71.85000108 0 P 0
L 69.19999876 84.80000058 69.19999876 86.64999942 0 P 0
L 69.19999876 84.80000058 70.1499994 84.80000058 0 P 0
L 69.19999876 86.64999942 70.1499994 86.64999942 0 P 0
L 69.2000013 84.80000058 69.2000013 86.64999942 0 P 0
L 69.29999856 73.7749985 69.29999856 74.72499914 0 P 0
L 69.40720688 75.62661024 69.40720688 77.52660898 0 P 0
L 69.40720688 75.62661024 70.40720742 75.62661024 0 P 0
L 69.40720688 77.52660898 70.40720742 77.52660898 0 P 0
L 69.42499958 75.6500011 69.42499958 77.49999994 0 P 0
L 69.87499614 94.14999966 69.87499614 95.1500002 0 P 0
L 70.1499994 84.80000058 70.1499994 86.64999942 0 P 0
L 70.15000194 84.75000068 70.15000194 86.64999942 0 P 0
L 70.15000194 84.75000068 71.15000248 84.75000068 0 P 0
L 70.15000194 86.64999942 71.15000248 86.64999942 0 P 0
L 70.40720742 75.62661024 70.40720742 77.52660898 0 P 0
L 70.40720742 75.62661024 70.40720742 77.52660898 0 P 0
L 70.40720742 75.62661024 71.40720796 75.62661024 0 P 0
L 70.40720742 77.52660898 71.40720796 77.52660898 0 P 0
L 70.42500012 71.35000208 70.42500012 73.25000082 0 P 0
L 70.42500012 71.35000208 71.42500066 71.35000208 0 P 0
L 70.42500012 73.25000082 71.42500066 73.25000082 0 P 0
L 70.67499962 94.17500088 70.67499962 95.12500152 0 P 0
L 70.67499962 94.17500088 72.52499846 94.17500088 0 P 0
L 70.67499962 95.12500152 72.52499846 95.12500152 0 P 0
L 71.15000248 84.75000068 71.15000248 86.64999942 0 P 0
L 71.40720796 75.62661024 71.40720796 77.52660898 0 P 0
L 71.40720796 75.62661024 71.40720796 77.52660898 0 P 0
L 71.40720796 75.62661024 72.4072085 75.62661024 0 P 0
L 71.40720796 77.52660898 72.4072085 77.52660898 0 P 0
L 71.42500066 71.35000208 71.42500066 73.25000082 0 P 0
L 71.42500066 71.35000208 71.42500066 73.25000082 0 P 0
L 71.42500066 71.35000208 72.4250012 71.35000208 0 P 0
L 71.42500066 73.25000082 72.4250012 73.25000082 0 P 0
L 71.42500066 84.75000068 71.42500066 86.64999942 0 P 0
L 71.42500066 84.75000068 72.4250012 84.75000068 0 P 0
L 71.42500066 86.64999942 72.4250012 86.64999942 0 P 0
L 72.27499896 23.8249968 72.27499896 25.32499634 0 P 0
L 72.27499896 23.8249968 73.07499736 23.8249968 0 P 0
L 72.27499896 25.32499634 73.07499736 25.32499634 0 P 0
L 72.4072085 75.62661024 72.4072085 77.52660898 0 P 0
L 72.41805176 68.7249959 72.41805176 76.87499738 0 P 0
L 72.41805176 68.7249959 80.56805324 68.7249959 0 P 0
L 72.41805176 76.87499738 80.56805324 76.87499738 0 P 0
L 72.4250012 71.35000208 72.4250012 73.25000082 0 P 0
L 72.4250012 84.75000068 72.4250012 86.64999942 0 P 0
L 72.52499846 94.17500088 72.52499846 95.12500152 0 P 0
L 72.77499796 86.69999678 72.77499796 94.09999722 0 P 0
L 73.07499736 23.8249968 73.07499736 25.32499634 0 P 0
L 73.0749999 23.8249968 73.0749999 25.32499634 0 P 0
L 73.0749999 23.8249968 73.8749983 23.8249968 0 P 0
L 73.0749999 25.32499634 73.8749983 25.32499634 0 P 0
L 73.14305412 77.07499444 73.14305412 78.02499508 0 P 0
L 73.14305412 77.07499444 74.99305296 77.07499444 0 P 0
L 73.14305412 78.02499508 74.99305296 78.02499508 0 P 0
L 73.2050098 86.6999917 73.2050098 94.09999214 0 P 0
L 73.2050098 86.6999917 78.70500896 86.6999917 0 P 0
L 73.2050098 94.09999214 78.70500896 94.09999214 0 P 0
L 73.8749983 23.8249968 73.8749983 25.32499634 0 P 0
L 73.87500084 23.8249968 73.87500084 25.32499634 0 P 0
L 73.87500084 23.8249968 74.67499924 23.8249968 0 P 0
L 73.87500084 25.32499634 74.67499924 25.32499634 0 P 0
L 73.90501094 94.15003268 73.90501094 95.15003322 0 P 0
L 73.90501094 94.15003268 75.80500968 94.15003268 0 P 0
L 73.90501094 95.15003322 75.80500968 95.15003322 0 P 0
L 74.02500308 15.92500244 74.02500308 17.32500218 0 P 0
L 74.02500308 15.92500244 74.72500422 15.92500244 0 P 0
L 74.02500308 17.32500218 74.72500422 17.32500218 0 P 0
L 74.4749971 84.75000068 74.4749971 85.75000122 0 P 0
L 74.4749971 84.75000068 76.37499584 84.75000068 0 P 0
L 74.4749971 85.75000122 76.37499584 85.75000122 0 P 0
L 74.52499954 85.74999868 74.52499954 86.69999932 0 P 0
L 74.52499954 85.74999868 76.37499838 85.74999868 0 P 0
L 74.52499954 86.69999932 76.37499838 86.69999932 0 P 0
L 74.67499924 23.8249968 74.67499924 25.32499634 0 P 0
L 74.67500178 23.8249968 74.67500178 25.32499634 0 P 0
L 74.67500178 23.8249968 75.47500018 23.8249968 0 P 0
L 74.67500178 25.32499634 75.47500018 25.32499634 0 P 0
L 74.72500168 15.92500244 74.72500168 17.32500218 0 P 0
L 74.72500168 15.92500244 75.42500282 15.92500244 0 P 0
L 74.72500168 17.32500218 75.42500282 17.32500218 0 P 0
L 74.72500422 15.92500244 74.72500422 17.32500218 0 P 0
L 74.9430556 77.07499444 74.9430556 78.02499508 0 P 0
L 74.9430556 77.07499444 76.79305444 77.07499444 0 P 0
L 74.9430556 78.02499508 76.79305444 78.02499508 0 P 0
L 74.99305296 77.07499444 74.99305296 78.02499508 0 P 0
L 75.42500282 15.92500244 75.42500282 17.32500218 0 P 0
L 75.47500018 23.8249968 75.47500018 25.32499634 0 P 0
L 75.47500018 23.8249968 75.47500018 25.32499634 0 P 0
L 75.47500018 23.8249968 76.27499858 23.8249968 0 P 0
L 75.47500018 25.32499634 76.27499858 25.32499634 0 P 0
L 75.52500262 15.92500244 75.52500262 17.32500218 0 P 0
L 75.52500262 15.92500244 76.22500376 15.92500244 0 P 0
L 75.52500262 17.32500218 76.22500376 17.32500218 0 P 0
L 75.80500968 94.15003268 75.80500968 95.15003322 0 P 0
L 76.22500122 15.92500244 76.22500122 17.32500218 0 P 0
L 76.22500122 15.92500244 76.92500236 15.92500244 0 P 0
L 76.22500122 17.32500218 76.92500236 17.32500218 0 P 0
L 76.22500376 15.92500244 76.22500376 17.32500218 0 P 0
L 76.27499858 23.8249968 76.27499858 25.32499634 0 P 0
L 76.27500112 23.8249968 76.27500112 25.32499634 0 P 0
L 76.27500112 23.8249968 77.07499952 23.8249968 0 P 0
L 76.27500112 25.32499634 77.07499952 25.32499634 0 P 0
L 76.37499584 84.75000068 76.37499584 85.75000122 0 P 0
L 76.37499838 85.74999868 76.37499838 86.69999932 0 P 0
L 76.4800096 85.67503058 76.4800096 86.67503112 0 P 0
L 76.4800096 85.67503058 78.38000834 85.67503058 0 P 0
L 76.4800096 86.67503112 78.38000834 86.67503112 0 P 0
L 76.74305454 77.07499444 76.74305454 78.02499508 0 P 0
L 76.74305454 77.07499444 78.59305338 77.07499444 0 P 0
L 76.74305454 78.02499508 78.59305338 78.02499508 0 P 0
L 76.79305444 77.07499444 76.79305444 78.02499508 0 P 0
L 76.92500236 15.92500244 76.92500236 17.32500218 0 P 0
L 77.02500216 15.92500244 77.02500216 17.32500218 0 P 0
L 77.02500216 15.92500244 77.7250033 15.92500244 0 P 0
L 77.02500216 17.32500218 77.7250033 17.32500218 0 P 0
L 77.07499952 23.8249968 77.07499952 25.32499634 0 P 0
L 77.07500206 23.8249968 77.07500206 25.32499634 0 P 0
L 77.07500206 23.8249968 77.87500046 23.8249968 0 P 0
L 77.07500206 25.32499634 77.87500046 25.32499634 0 P 0
L 77.72500076 15.92500244 77.72500076 17.32500218 0 P 0
L 77.72500076 15.92500244 78.4250019 15.92500244 0 P 0
L 77.72500076 17.32500218 78.4250019 17.32500218 0 P 0
L 77.7250033 15.92500244 77.7250033 17.32500218 0 P 0
L 77.87500046 23.8249968 77.87500046 25.32499634 0 P 0
L 77.87500046 23.8249968 77.87500046 25.32499634 0 P 0
L 77.87500046 23.8249968 78.67499886 23.8249968 0 P 0
L 77.87500046 25.32499634 78.67499886 25.32499634 0 P 0
L 78.38000834 85.67503058 78.38000834 86.67503112 0 P 0
L 78.4250019 15.92500244 78.4250019 17.32500218 0 P 0
L 78.5250017 15.92500244 78.5250017 17.32500218 0 P 0
L 78.5250017 15.92500244 79.22500284 15.92500244 0 P 0
L 78.5250017 17.32500218 79.22500284 17.32500218 0 P 0
L 78.54305348 77.07499444 78.54305348 78.02499508 0 P 0
L 78.54305348 77.07499444 80.39305232 77.07499444 0 P 0
L 78.54305348 78.02499508 80.39305232 78.02499508 0 P 0
L 78.59305338 77.07499444 78.59305338 78.02499508 0 P 0
L 78.67499886 23.8249968 78.67499886 25.32499634 0 P 0
L 78.6750014 23.8249968 78.6750014 25.32499634 0 P 0
L 78.6750014 23.8249968 79.4749998 23.8249968 0 P 0
L 78.6750014 25.32499634 79.4749998 25.32499634 0 P 0
L 78.70500896 86.6999917 78.70500896 94.09999214 0 P 0
L 79.1405326 88.67552242 79.1405326 91.6755215 0 P 0
L 79.1405326 88.67552242 80.64053214 88.67552242 0 P 0
L 79.1405326 91.6755215 80.64053214 91.6755215 0 P 0
L 79.2250003 15.92500244 79.2250003 17.32500218 0 P 0
L 79.2250003 15.92500244 79.92500144 15.92500244 0 P 0
L 79.2250003 17.32500218 79.92500144 17.32500218 0 P 0
L 79.22500284 15.92500244 79.22500284 17.32500218 0 P 0
L 79.4749998 23.8249968 79.4749998 25.32499634 0 P 0
L 79.4749998 23.8249968 79.4749998 25.32499634 0 P 0
L 79.4749998 23.8249968 80.2749982 23.8249968 0 P 0
L 79.4749998 25.32499634 80.2749982 25.32499634 0 P 0
L 79.92500144 15.92500244 79.92500144 17.32500218 0 P 0
L 80.04999992 86.47500358 80.04999992 87.42500422 0 P 0
L 80.04999992 86.47500358 81.89999876 86.47500358 0 P 0
L 80.04999992 87.42500422 81.89999876 87.42500422 0 P 0
L 80.2749982 23.8249968 80.2749982 25.32499634 0 P 0
L 80.39305232 77.07499444 80.39305232 78.02499508 0 P 0
L 80.56805324 68.7249959 80.56805324 76.87499738 0 P 0
L 80.6405296 88.97552182 80.6405296 91.3755221 0 P 0
L 80.6405296 88.97552182 83.44052908 88.97552182 0 P 0
L 80.6405296 91.3755221 83.44052908 91.3755221 0 P 0
L 80.64053214 87.42552238 80.64053214 88.92552192 0 P 0
L 80.64053214 87.42552238 83.64053122 87.42552238 0 P 0
L 80.64053214 88.67552242 80.64053214 91.6755215 0 P 0
L 80.64053214 88.92552192 83.64053122 88.92552192 0 P 0
L 80.64053214 91.425522 80.64053214 92.92552154 0 P 0
L 80.64053214 91.425522 83.64053122 91.425522 0 P 0
L 80.64053214 92.92552154 83.64053122 92.92552154 0 P 0
L 80.78220318 73.8749983 80.78220318 75.72499714 0 P 0
L 80.78220318 73.8749983 81.73220382 73.8749983 0 P 0
L 80.78220318 75.72499714 81.73220382 75.72499714 0 P 0
L 80.8072044 71.64999894 80.8072044 72.64999948 0 P 0
L 80.8072044 71.64999894 82.70720314 71.64999894 0 P 0
L 80.8072044 72.64999948 82.70720314 72.64999948 0 P 0
L 80.8072044 72.79999918 80.8072044 73.79999972 0 P 0
L 80.8072044 72.79999918 82.70720314 72.79999918 0 P 0
L 80.8072044 73.79999972 82.70720314 73.79999972 0 P 0
L 80.8072044 75.8000008 80.8072044 76.80000134 0 P 0
L 80.8072044 75.8000008 82.70720314 75.8000008 0 P 0
L 80.8072044 76.7999988 80.8072044 77.79999934 0 P 0
L 80.8072044 76.7999988 82.70720314 76.7999988 0 P 0
L 80.8072044 76.80000134 82.70720314 76.80000134 0 P 0
L 80.8072044 77.79999934 80.8072044 78.79999988 0 P 0
L 80.8072044 77.79999934 82.70720314 77.79999934 0 P 0
L 80.8072044 77.79999934 82.70720314 77.79999934 0 P 0
L 80.8072044 78.79999988 82.70720314 78.79999988 0 P 0
L 80.94999812 92.97500582 80.94999812 94.82500466 0 P 0
L 80.94999812 92.97500582 81.89999876 92.97500582 0 P 0
L 80.94999812 94.82500466 81.89999876 94.82500466 0 P 0
L 81.73220382 73.8749983 81.73220382 75.72499714 0 P 0
L 81.7500016 73.82500094 81.7500016 74.77500158 0 P 0
L 81.7500016 73.82500094 83.60000044 73.82500094 0 P 0
L 81.7500016 74.77500158 83.60000044 74.77500158 0 P 0
L 81.7500016 74.82499894 81.7500016 75.77499958 0 P 0
L 81.7500016 74.82499894 83.60000044 74.82499894 0 P 0
L 81.7500016 75.77499958 83.60000044 75.77499958 0 P 0
L 81.89999876 86.47500358 81.89999876 87.42500422 0 P 0
L 81.89999876 92.97500582 81.89999876 94.82500466 0 P 0
L 82.36552996 86.50052296 82.36552996 87.4505236 0 P 0
L 82.36552996 86.50052296 84.2155288 86.50052296 0 P 0
L 82.36552996 87.4505236 84.2155288 87.4505236 0 P 0
L 82.3655325 85.55052232 82.3655325 86.50052296 0 P 0
L 82.3655325 85.55052232 84.21553134 85.55052232 0 P 0
L 82.3655325 86.50052296 84.21553134 86.50052296 0 P 0
L 82.70720314 71.64999894 82.70720314 72.64999948 0 P 0
L 82.70720314 72.79999918 82.70720314 73.79999972 0 P 0
L 82.70720314 75.8000008 82.70720314 76.80000134 0 P 0
L 82.70720314 76.7999988 82.70720314 77.79999934 0 P 0
L 82.70720314 77.79999934 82.70720314 78.79999988 0 P 0
L 82.9999991 72.60000212 82.9999991 73.60000266 0 P 0
L 82.9999991 72.60000212 84.89999784 72.60000212 0 P 0
L 82.9999991 73.60000266 84.89999784 73.60000266 0 P 0
L 82.9999991 77.27500166 82.9999991 78.2750022 0 P 0
L 82.9999991 77.27500166 84.89999784 77.27500166 0 P 0
L 82.9999991 78.2750022 84.89999784 78.2750022 0 P 0
L 83.44052908 88.97552182 83.44052908 91.3755221 0 P 0
L 83.47499942 89.50000642 83.47499942 91.40000516 0 P 0
L 83.47499942 89.50000642 84.47499996 89.50000642 0 P 0
L 83.47499942 91.40000516 84.47499996 91.40000516 0 P 0
L 83.60000044 73.82500094 83.60000044 74.77500158 0 P 0
L 83.60000044 74.82499894 83.60000044 75.77499958 0 P 0
L 83.64053122 87.42552238 83.64053122 88.92552192 0 P 0
L 83.64053122 91.425522 83.64053122 92.92552154 0 P 0
L 83.6750041 79.10000436 83.6750041 80.050005 0 P 0
L 83.6750041 79.10000436 85.52500294 79.10000436 0 P 0
L 83.6750041 80.050005 85.52500294 80.050005 0 P 0
L 84.2155288 86.50052296 84.2155288 87.4505236 0 P 0
L 84.21553134 85.55052232 84.21553134 86.50052296 0 P 0
L 84.47499996 89.50000642 84.47499996 91.40000516 0 P 0
L 84.64995008 85.55000416 84.64995008 87.0500037 0 P 0
L 84.64995008 85.55000416 87.64994916 85.55000416 0 P 0
L 84.64995008 87.0500037 87.64994916 87.0500037 0 P 0
L 84.8429977 18.42164464 84.8429977 22.6216464 0 P 0
L 84.89999784 72.60000212 84.89999784 73.60000266 0 P 0
L 84.89999784 77.27500166 84.89999784 78.2750022 0 P 0
L 84.90000038 69.92500366 84.90000038 79.07500314 0 P 0
L 84.90000038 69.92500366 94.04999986 69.92500366 0 P 0
L 84.90000038 79.07500314 94.04999986 79.07500314 0 P 0
L 85.32499826 87.14499716 85.32499826 91.3549989 0 P 0
L 85.32499826 87.14499716 88.92499868 87.14499716 0 P 0
L 85.32499826 91.3549989 88.92499868 91.3549989 0 P 0
L 85.52500294 79.07499806 85.52500294 80.0749986 0 P 0
L 85.52500294 79.07499806 87.42500168 79.07499806 0 P 0
L 85.52500294 79.10000436 85.52500294 80.050005 0 P 0
L 85.52500294 80.0749986 87.42500168 80.0749986 0 P 0
L 85.59499264 91.44996696 85.59499264 92.9499665 0 P 0
L 85.59499264 91.44996696 88.59499172 91.44996696 0 P 0
L 85.59499264 92.9499665 88.59499172 92.9499665 0 P 0
L 85.60500786 93.07503356 85.60500786 94.5750331 0 P 0
L 85.60500786 93.07503356 88.60500948 93.07503356 0 P 0
L 85.60500786 94.5750331 88.60500948 94.5750331 0 P 0
L 86.71699954 26.29564464 86.71699954 56.74564216 0 P 0
L 87.42500168 79.07499806 87.42500168 80.0749986 0 P 0
L 87.61699774 25.3956439 91.8169995 25.3956439 0 P 0
L 87.61699774 57.6456429 91.8169995 57.6456429 0 P 0
L 87.64994916 85.55000416 87.64994916 87.0500037 0 P 0
L 87.64999996 86.05000316 87.64999996 87.0500037 0 P 0
L 87.64999996 86.05000316 89.5499987 86.05000316 0 P 0
L 87.64999996 87.0500037 89.5499987 87.0500037 0 P 0
L 88.59499172 91.44996696 88.59499172 92.9499665 0 P 0
L 88.60500948 93.07503356 88.60500948 94.5750331 0 P 0
L 88.92499868 87.14499716 88.92499868 91.3549989 0 P 0
L 89.5499987 86.05000316 89.5499987 87.0500037 0 P 0
L 89.55000124 68.82500078 89.55000124 69.77500142 0 P 0
L 89.55000124 68.82500078 91.40000008 68.82500078 0 P 0
L 89.55000124 69.77500142 91.40000008 69.77500142 0 P 0
L 90.22500878 86.37500124 90.22500878 87.32500188 0 P 0
L 90.22500878 86.37500124 92.07500762 86.37500124 0 P 0
L 90.22500878 87.32500188 92.07500762 87.32500188 0 P 0
L 90.22500878 87.47499904 90.22500878 89.37500032 0 P 0
L 90.22500878 87.47499904 93.82500666 87.47499904 0 P 0
L 90.22500878 89.37500032 93.82500666 89.37500032 0 P 0
L 90.27501122 91.4750012 90.27501122 94.77499968 0 P 0
L 90.27501122 91.4750012 94.87500964 91.4750012 0 P 0
L 90.27501122 94.77499968 94.87500964 94.77499968 0 P 0
L 91.40000008 68.82500078 91.40000008 69.77500142 0 P 0
L 91.40001024 89.42500276 91.40001024 91.4250013 0 P 0
L 91.40001024 89.42500276 93.85001042 89.42500276 0 P 0
L 91.40001024 91.4250013 93.85001042 91.4250013 0 P 0
L 91.42500384 79.59999828 91.42500384 81.44999712 0 P 0
L 91.42500384 79.59999828 92.37500448 79.59999828 0 P 0
L 91.42500384 81.44999712 92.37500448 81.44999712 0 P 0
L 91.7750006 68.77499834 91.7750006 69.77499888 0 P 0
L 91.7750006 68.77499834 93.67499934 68.77499834 0 P 0
L 91.7750006 69.77499888 93.67499934 69.77499888 0 P 0
L 92.07500762 86.37500124 92.07500762 87.32500188 0 P 0
L 92.07500762 86.37500124 92.07500762 87.32500188 0 P 0
L 92.07500762 86.37500124 93.92500646 86.37500124 0 P 0
L 92.07500762 87.32500188 93.92500646 87.32500188 0 P 0
L 92.37500194 79.60000082 92.37500194 81.44999966 0 P 0
L 92.37500194 79.60000082 93.32500258 79.60000082 0 P 0
L 92.37500194 81.44999966 93.32500258 81.44999966 0 P 0
L 92.37500448 79.59999828 92.37500448 81.44999712 0 P 0
L 92.7169977 26.29564464 92.7169977 56.74564216 0 P 0
L 93.32500258 79.60000082 93.32500258 81.44999966 0 P 0
L 93.67499934 68.77499834 93.67499934 69.77499888 0 P 0
L 93.82500666 87.47499904 93.82500666 89.37500032 0 P 0
L 93.85001042 89.42500276 93.85001042 91.4250013 0 P 0
L 93.90000778 87.87500078 93.90000778 91.47499866 0 P 0
L 93.90000778 87.87500078 95.80000906 87.87500078 0 P 0
L 93.90000778 91.47499866 95.80000906 91.47499866 0 P 0
L 93.92500646 86.37500124 93.92500646 87.32500188 0 P 0
L 93.95000768 86.92500014 93.95000768 87.87500078 0 P 0
L 93.95000768 86.92500014 95.80000652 86.92500014 0 P 0
L 93.95000768 87.87500078 95.80000652 87.87500078 0 P 0
L 94.04999986 69.92500366 94.04999986 79.07500314 0 P 0
L 94.250002 72.25000028 94.250002 73.25000082 0 P 0
L 94.250002 72.25000028 96.15000074 72.25000028 0 P 0
L 94.250002 73.24999828 94.250002 74.24999882 0 P 0
L 94.250002 73.24999828 96.15000074 73.24999828 0 P 0
L 94.250002 73.25000082 96.15000074 73.25000082 0 P 0
L 94.250002 74.24999882 96.15000074 74.24999882 0 P 0
L 94.2700934 78.061058 94.2700934 79.01105864 0 P 0
L 94.2700934 78.061058 96.12009224 78.061058 0 P 0
L 94.2700934 79.01105864 96.12009224 79.01105864 0 P 0
L 94.27500068 69.37500222 94.27500068 71.22500106 0 P 0
L 94.27500068 69.37500222 95.22500132 69.37500222 0 P 0
L 94.27500068 71.22500106 95.22500132 71.22500106 0 P 0
L 94.27500068 71.27500096 94.27500068 72.2250016 0 P 0
L 94.27500068 71.27500096 96.12499952 71.27500096 0 P 0
L 94.27500068 72.2250016 96.12499952 72.2250016 0 P 0
L 94.27500068 74.25000136 94.27500068 75.200002 0 P 0
L 94.27500068 74.25000136 96.12499952 74.25000136 0 P 0
L 94.27500068 75.19999946 94.27500068 76.1500001 0 P 0
L 94.27500068 75.19999946 96.12499952 75.19999946 0 P 0
L 94.27500068 75.200002 96.12499952 75.200002 0 P 0
L 94.27500068 76.14999756 94.27500068 77.0999982 0 P 0
L 94.27500068 76.14999756 96.12499952 76.14999756 0 P 0
L 94.27500068 76.1500001 96.12499952 76.1500001 0 P 0
L 94.27500068 77.0999982 94.27500068 78.04999884 0 P 0
L 94.27500068 77.0999982 96.12499952 77.0999982 0 P 0
L 94.27500068 77.0999982 96.12499952 77.0999982 0 P 0
L 94.27500068 78.04999884 96.12499952 78.04999884 0 P 0
L 94.27500068 79.02499562 94.27500068 79.97499626 0 P 0
L 94.27500068 79.02499562 96.12499952 79.02499562 0 P 0
L 94.27500068 79.97499626 96.12499952 79.97499626 0 P 0
L 94.87500964 91.4750012 94.87500964 94.77499968 0 P 0
L 95.02499918 49.87500058 95.02499918 51.72499942 0 P 0
L 95.02499918 49.87500058 95.97499982 49.87500058 0 P 0
L 95.02499918 51.72499942 95.97499982 51.72499942 0 P 0
L 95.02499918 54.1749996 95.02499918 56.02499844 0 P 0
L 95.02499918 54.1749996 95.97499982 54.1749996 0 P 0
L 95.02499918 56.02499844 95.97499982 56.02499844 0 P 0
L 95.04999278 61.10000226 95.04999278 64.70000014 0 P 0
L 95.04999278 61.10000226 96.94999406 61.10000226 0 P 0
L 95.04999278 64.70000014 96.94999406 64.70000014 0 P 0
L 95.07500162 51.92499902 95.07500162 52.87499966 0 P 0
L 95.07500162 51.92499902 96.92500046 51.92499902 0 P 0
L 95.07500162 52.87499966 96.92500046 52.87499966 0 P 0
L 95.07500162 53.02499936 95.07500162 53.975 0 P 0
L 95.07500162 53.02499936 96.92500046 53.02499936 0 P 0
L 95.07500162 53.975 96.92500046 53.975 0 P 0
L 95.22500132 69.37500222 95.22500132 71.22500106 0 P 0
L 95.24999238 58.05000074 95.24999238 61.05000236 0 P 0
L 95.24999238 58.05000074 96.74999192 58.05000074 0 P 0
L 95.24999238 61.05000236 96.74999192 61.05000236 0 P 0
L 95.24999746 26.69999994 95.24999746 30.9000017 0 P 0
L 95.24999746 26.69999994 98.74999808 26.69999994 0 P 0
L 95.24999746 30.9000017 98.74999808 30.9000017 0 P 0
L 95.25000254 69.3000011 95.25000254 70.25000174 0 P 0
L 95.25000254 69.3000011 97.10000138 69.3000011 0 P 0
L 95.25000254 70.25000174 97.10000138 70.25000174 0 P 0
L 95.25000254 70.2999991 95.25000254 71.24999974 0 P 0
L 95.25000254 70.2999991 97.10000138 70.2999991 0 P 0
L 95.25000254 71.24999974 97.10000138 71.24999974 0 P 0
L 95.50000204 34.00000058 95.50000204 35.90000186 0 P 0
L 95.50000204 34.00000058 99.09999992 34.00000058 0 P 0
L 95.50000204 35.90000186 99.09999992 35.90000186 0 P 0
L 95.5050033 90.7699988 95.5050033 99.68499748 0 P 0
L 95.5050033 90.7699988 108.7050023 90.7699988 0 P 0
L 95.5050033 99.68499748 108.7050023 99.68499748 0 P 0
L 95.52499818 23.57500238 95.52499818 25.42500122 0 P 0
L 95.52499818 23.57500238 96.47499882 23.57500238 0 P 0
L 95.52499818 25.42500122 96.47499882 25.42500122 0 P 0
L 95.5499994 25.60000214 95.5499994 26.60000268 0 P 0
L 95.5499994 25.60000214 97.44999814 25.60000214 0 P 0
L 95.5499994 26.60000268 97.44999814 26.60000268 0 P 0
L 95.5499994 31.0000015 95.5499994 32.00000204 0 P 0
L 95.5499994 31.0000015 97.44999814 31.0000015 0 P 0
L 95.5499994 32.00000204 97.44999814 32.00000204 0 P 0
L 95.80000652 86.92500014 95.80000652 87.87500078 0 P 0
L 95.80000906 87.87500078 95.80000906 91.47499866 0 P 0
L 95.92500754 88.30000882 95.92500754 90.15000766 0 P 0
L 95.92500754 88.30000882 96.87500818 88.30000882 0 P 0
L 95.92500754 90.15000766 96.87500818 90.15000766 0 P 0
L 95.97499982 49.87500058 95.97499982 51.72499942 0 P 0
L 95.97499982 54.1749996 95.97499982 56.02499844 0 P 0
L 96.12009224 78.061058 96.12009224 79.01105864 0 P 0
L 96.12499952 71.27500096 96.12499952 72.2250016 0 P 0
L 96.12499952 74.25000136 96.12499952 75.200002 0 P 0
L 96.12499952 75.19999946 96.12499952 76.1500001 0 P 0
L 96.12499952 76.14999756 96.12499952 77.0999982 0 P 0
L 96.12499952 77.0999982 96.12499952 78.04999884 0 P 0
L 96.12499952 79.02499562 96.12499952 79.97499626 0 P 0
L 96.15000074 72.25000028 96.15000074 73.25000082 0 P 0
L 96.15000074 73.24999828 96.15000074 74.24999882 0 P 0
L 96.22499932 71.32500594 96.22499932 75.02500362 0 P 0
L 96.22499932 71.32500594 100.49999966 71.32500594 0 P 0
L 96.22499932 75.02500362 100.49999966 75.02500362 0 P 0
L 96.47499882 23.57500238 96.47499882 25.42500122 0 P 0
L 96.7250034 38.8499985 96.7250034 39.84999904 0 P 0
L 96.7250034 38.8499985 98.62500214 38.8499985 0 P 0
L 96.7250034 39.84999904 98.62500214 39.84999904 0 P 0
L 96.74999192 58.05000074 96.74999192 61.05000236 0 P 0
L 96.87500818 88.30000882 96.87500818 90.15000766 0 P 0
L 96.92500046 51.92499902 96.92500046 52.87499966 0 P 0
L 96.92500046 53.02499936 96.92500046 53.975 0 P 0
L 96.94999152 61.10000226 96.94999152 64.70000014 0 P 0
L 96.94999152 61.10000226 98.8499928 61.10000226 0 P 0
L 96.94999152 64.70000014 98.8499928 64.70000014 0 P 0
L 96.94999406 61.10000226 96.94999406 64.70000014 0 P 0
L 97.0000092 88.17500272 97.0000092 91.17500434 0 P 0
L 97.0000092 88.17500272 98.50000874 88.17500272 0 P 0
L 97.0000092 91.17500434 98.50000874 91.17500434 0 P 0
L 97.10000138 69.3000011 97.10000138 70.25000174 0 P 0
L 97.10000138 70.2999991 97.10000138 71.24999974 0 P 0
L 97.44999814 25.60000214 97.44999814 26.60000268 0 P 0
L 97.44999814 31.0000015 97.44999814 32.00000204 0 P 0
L 97.60000038 35.97500044 97.60000038 38.77499992 0 P 0
L 97.60000038 35.97500044 100.00000066 35.97500044 0 P 0
L 97.60000038 38.77499992 100.00000066 38.77499992 0 P 0
L 98.50000874 88.17500272 98.50000874 91.17500434 0 P 0
L 98.62500214 38.8499985 98.62500214 39.84999904 0 P 0
L 98.64000084 38.85000104 98.64000084 39.85000158 0 P 0
L 98.64000084 38.85000104 100.53999958 38.85000104 0 P 0
L 98.64000084 39.85000158 100.53999958 39.85000158 0 P 0
L 98.74999808 26.69999994 98.74999808 30.9000017 0 P 0
L 98.8499928 61.10000226 98.8499928 64.70000014 0 P 0
L 98.89999524 61.500004 98.89999524 63.40000274 0 P 0
L 98.89999524 61.500004 99.89999578 61.500004 0 P 0
L 98.89999524 63.40000274 99.89999578 63.40000274 0 P 0
L 98.97499128 65.4250025 98.97499128 66.37500314 0 P 0
L 98.97499128 65.4250025 100.82499012 65.4250025 0 P 0
L 98.97499128 66.37500314 100.82499012 66.37500314 0 P 0
L 99.09999992 34.00000058 99.09999992 35.90000186 0 P 0
L 99.37499556 55.8500026 99.37499556 61.4500041 0 P 0
L 99.37499556 55.8500026 106.1249973 55.8500026 0 P 0
L 99.37499556 61.4500041 106.1249973 61.4500041 0 P 0
L 99.72499994 89.17499818 99.72499994 90.27499598 0 P 0
L 99.72499994 89.17499818 101.22500202 89.17499818 0 P 0
L 99.72499994 90.27499598 101.22500202 90.27499598 0 P 0
L 99.89999578 61.500004 99.89999578 63.40000274 0 P 0
L 99.94999568 61.52500014 99.94999568 63.97500032 0 P 0
L 99.94999568 61.52500014 101.94999422 61.52500014 0 P 0
L 99.94999568 63.97500032 101.94999422 63.97500032 0 P 0
L 100.00000066 35.97500044 100.00000066 38.77499992 0 P 0
L 100.22499894 36.70000026 100.22499894 38.5499991 0 P 0
L 100.22499894 36.70000026 101.17499958 36.70000026 0 P 0
L 100.22499894 38.5499991 101.17499958 38.5499991 0 P 0
L 100.49999966 71.32500594 100.49999966 75.02500362 0 P 0
L 100.5000022 72.2250016 100.5000022 74.12500034 0 P 0
L 100.5000022 72.2250016 101.50000274 72.2250016 0 P 0
L 100.5000022 74.12500034 101.50000274 74.12500034 0 P 0
L 100.53999958 38.85000104 100.53999958 39.85000158 0 P 0
L 100.82499012 65.4250025 100.82499012 66.37500314 0 P 0
L 100.94999622 64.25000104 100.94999622 66.14999978 0 P 0
L 100.94999622 64.25000104 101.94999676 64.25000104 0 P 0
L 100.94999622 66.14999978 101.94999676 66.14999978 0 P 0
L 101.17499958 36.70000026 101.17499958 38.5499991 0 P 0
L 101.22500202 89.17499818 101.22500202 90.27499598 0 P 0
L 101.50000274 72.2250016 101.50000274 74.12500034 0 P 0
L 101.94999422 61.52500014 101.94999422 63.97500032 0 P 0
L 101.94999676 61.50000146 101.94999676 63.40000274 0 P 0
L 101.94999676 61.50000146 105.54999464 61.50000146 0 P 0
L 101.94999676 63.4000002 101.94999676 65.30000148 0 P 0
L 101.94999676 63.4000002 105.54999464 63.4000002 0 P 0
L 101.94999676 63.40000274 105.54999464 63.40000274 0 P 0
L 101.94999676 64.25000104 101.94999676 66.14999978 0 P 0
L 101.94999676 65.30000148 105.54999464 65.30000148 0 P 0
L 101.99999666 65.40000128 101.99999666 66.40000182 0 P 0
L 101.99999666 65.40000128 103.8999954 65.40000128 0 P 0
L 101.99999666 66.40000182 103.8999954 66.40000182 0 P 0
L 102.02499534 66.4250005 102.02499534 67.37500114 0 P 0
L 102.02499534 66.4250005 103.87499418 66.4250005 0 P 0
L 102.02499534 67.37500114 103.87499418 67.37500114 0 P 0
L 102.97500106 89.17499818 102.97500106 90.27499598 0 P 0
L 102.97500106 89.17499818 104.47500314 89.17499818 0 P 0
L 102.97500106 90.27499598 104.47500314 90.27499598 0 P 0
L 103.45000138 29.00000042 103.45000138 30.5000025 0 P 0
L 103.45000138 29.00000042 104.54999918 29.00000042 0 P 0
L 103.45000138 30.5000025 104.54999918 30.5000025 0 P 0
L 103.45000138 68.29999802 103.45000138 69.8000001 0 P 0
L 103.45000138 68.29999802 104.54999918 68.29999802 0 P 0
L 103.45000138 69.8000001 104.54999918 69.8000001 0 P 0
L 103.87499418 66.4250005 103.87499418 67.37500114 0 P 0
L 103.8999954 65.40000128 103.8999954 66.40000182 0 P 0
L 104.47500314 89.17499818 104.47500314 90.27499598 0 P 0
L 104.54999918 29.00000042 104.54999918 30.5000025 0 P 0
L 104.54999918 68.29999802 104.54999918 69.8000001 0 P 0
L 105.49999982 25.3000002 105.49999982 34.90000132 2 P 0
L 105.49999982 25.3000002 119.00000076 25.3000002 2 P 0
L 105.49999982 34.90000132 119.00000076 34.90000132 2 P 0
L 105.49999982 64.60000034 105.49999982 74.20000146 2 P 0
L 105.49999982 64.60000034 119.00000076 64.60000034 2 P 0
L 105.49999982 74.20000146 119.00000076 74.20000146 2 P 0
L 105.54999464 61.50000146 105.54999464 63.40000274 0 P 0
L 105.54999464 63.4000002 105.54999464 65.30000148 0 P 0
L 106.1249973 55.8500026 106.1249973 61.4500041 0 P 0
L 107.37600064 41.62600006 107.37600064 57.37400006 0 P 0
L 107.37600064 41.62600006 110.42400064 41.62600006 0 P 0
L 107.37600064 57.37400006 110.42400064 57.37400006 0 P 0
L 108.7050023 90.7699988 108.7050023 99.68499748 0 P 0
L 110.42400064 41.62600006 110.42400064 57.37400006 0 P 0
L 119.00000076 25.3000002 119.00000076 34.90000132 2 P 0
L 119.00000076 64.60000034 119.00000076 74.20000146 2 P 0
